tree
version=v4
num_class=1
num_tree_per_iteration=1
label_index=0
max_feature_idx=24
objective=binary sigmoid:1
feature_names=current_dpd current_bucket overdue_amt pos emi_amt cycle_day product_type disbursal_amt roi tenure_m state vintage_months bounces_3m bounces_6m bounces_12m presentations_3m presentations_6m presentations_12m bounce_rate_3m bounce_rate_6m bounce_rate_12m payment_count_6m avg_payment_amt payment_cv seasonality_month
feature_infos=[0:684] -1:7:5:1:0:4:2:6 [0:2890355.04] [60223.580000000002:5111038.1100000003] [10537.5:196184.88] [1:15] -1:1:2:4:0:3 [400000:5996000] [9:14] [24:60] -1:7:12:9:2:6:4:3:10:8:0:13:11:1:5 [0:58] [0:4] [0:7] [0:12] [3:4] [6:7] [12:13] [0:1] [0:1] [0:1] [0:8] [0:196184.88] none none
tree_sizes=3269 3345 3335 3346 3347 3350 3366

Tree=0
num_leaves=31
num_cat=0
split_feature=14 20 2 2 2 2 14 22 9 7 8 21 4 5 4 9 2 11 20 8 11 20 4 8 9 8 19 7 11 7
split_gain=1708.25 338.22 261.48 33.2164 32.588 29.7432 18.3039 17.2778 16.1739 15.5608 14.2649 13.8397 17.479 14.8911 17.0275 13.7669 13.5611 12.9568 12.9348 12.0037 13.3271 11.941 11.6727 11.6165 11.3766 14.0482 11.1914 11.1484 10.9318 10.7111
threshold=3.5000000000000004 0.48076923076923084 13907.840000000002 141588.06500000003 365783.02000000008 663927.70000000007 7.5000000000000009 22928.110000000004 55.500000000000007 1368000.0000000002 13.685 4.5000000000000009 18796.230000000003 12.500000000000002 21740.435000000005 45.500000000000007 200714.99500000002 9.5000000000000018 0.16025641025641027 13.145000000000001 28.500000000000004 0.24038461538461542 69986.970000000016 12.295000000000002 45.500000000000007 10.395000000000001 0.61904761904761918 4066500.0000000005 30.500000000000004 1591500.0000000002
decision_type=2 2 2 2 2 2 2 2 2 2 2 2 2 2 2 2 2 2 2 2 2 2 2 2 2 2 2 2 2 2
left_child=2 5 18 21 7 11 15 17 -9 -5 -11 12 -2 14 -14 -6 -16 -3 -1 20 -18 -4 29 -8 -19 -26 28 -7 -17 -23
right_child=1 4 3 9 6 27 23 8 -10 10 -12 -13 13 -15 16 26 19 24 -20 -21 -22 22 -24 -25 25 -27 -28 -29 -30 -31
leaf_value=-1.6216464237285879 -1.5901870159433966 -1.3483919334687895 -1.5874323739350835 -1.4977018465076655 -1.4640708758037633 -1.4329127705927951 -1.4052166770719343 -1.4712288188927696 -1.5797498181387373 -1.560395801737184 -1.4640708758037633 -1.5436879616213566 -1.4242019024692985 -1.4554580662332517 -1.5685671062051736 -1.358974092354069 -1.4928136240216332 -1.4940532034596006 -1.6008533376744436 -1.4111020969451173 -1.5626707671856583 -1.5580847257260353 -1.6149516398253609 -1.3543157484390014 -1.4801220209124439 -1.3659805445840485 -1.455921832902433 -1.4999575823475613 -1.4351788146081381 -1.4792048126205193
leaf_weight=884.81369040906429 6.9380494207143775 4.106192514300349 215.22112488746643 11.893799006938933 20.38936972618103 9.6283134818077105 39.079625308513641 20.95574110746384 4.1061925143003455 125.87603949010372 3.9645996689796439 106.76100537180901 4.3893782049417487 11.610613316297529 13.876098841428755 11.89379900693894 18.265477046370513 7.5044208019971874 81.699071750044823 2.8318569064140311 10.902649089694021 32.707947269082069 7.7876064926385871 15.716805830597876 4.672563895583151 6.371678039431572 9.2035349458456022 17.415919974446297 7.7876064926385871 4.9557495862245551
leaf_count=6249 49 29 1520 84 144 68 276 148 29 889 28 754 31 82 98 84 129 53 577 20 77 231 55 111 33 45 65 123 55 35
internal_value=-1.58046 -1.48262 -1.60579 -1.57192 -1.42619 -1.5249 -1.4105 -1.4604 -1.48901 -1.55244 -1.55745 -1.53242 -1.51493 -1.50649 -1.51828 -1.43261 -1.52728 -1.42876 -1.61989 -1.50938 -1.51893 -1.58251 -1.55923 -1.39062 -1.44655 -1.41427 -1.41041 -1.47609 -1.38913 -1.54771
internal_weight=1723.33 354.407 1368.92 402.407 151.788 202.619 104.071 47.7168 25.0619 141.734 129.841 175.575 68.8141 61.8761 50.2655 49.2743 45.8761 22.6549 966.513 32 29.1681 260.672 45.4513 54.7964 18.5487 11.0442 28.8849 27.0442 19.6814 37.6637
internal_count=12171 2503 9668 2842 1072 1431 735 337 177 1001 917 1240 486 437 355 348 324 160 6826 226 206 1841 321 387 131 78 204 191 139 266
is_linear=0
shrinkage=1


Tree=1
num_leaves=31
num_cat=0
split_feature=20 20 2 0 0 20 2 2 20 21 4 5 4 2 2 11 3 2 11 5 9 22 11 2 2 7 0 12 11 4
split_gain=1467.1 248.378 245.195 34.8269 31.3863 28.5275 23.3334 16.4561 12.5107 11.2305 14.4546 11.2956 12.8143 11.2634 16.3642 12.2601 11.0076 10.8071 10.1781 9.50869 11.2545 8.74888 8.51634 8.41147 8.31929 8.31854 7.69078 7.36949 7.68358 16.311
threshold=0.27884615384615391 0.48076923076923084 13907.840000000002 529.00000000000011 460.50000000000006 0.1185897435897436 663927.70000000007 434722.2950000001 0.16025641025641027 4.5000000000000009 18796.230000000003 12.500000000000002 21740.435000000005 254570.40000000005 301471.45000000001 17.500000000000004 1292795.1050000002 48941.685000000005 36.500000000000007 7.5000000000000009 49.500000000000007 62241.31500000001 26.500000000000004 165084.69000000003 498525.60000000003 2643500.0000000005 641.50000000000011 2.5000000000000004 22.500000000000004 37420.19000000001
decision_type=2 2 2 2 2 2 2 2 2 2 2 2 2 2 2 2 2 2 2 2 2 2 2 2 2 2 2 2 2 2
left_child=2 6 8 22 23 -6 9 27 -1 10 -2 12 -12 18 -15 25 17 -11 -14 -8 -21 -9 -3 -4 -18 -16 -26 28 29 -5
right_child=1 3 4 7 5 -7 19 21 -10 16 11 -13 13 14 15 -17 24 -19 -20 20 -22 -23 -24 -25 26 -27 -28 -29 -30 -31
leaf_value=-0.040363368967151168 -0.0094189909931825765 0.10311281765635294 -0.011618945139496711 0.14675661034548929 -0.0033015317609537149 0.034272293049010381 0.062966115045262103 0.179412460115107 -0.019762641934801463 0.0057822510365932956 0.13394818282774931 0.10927973133556018 0.0066887866590081783 0.17206344447491789 0.043769612641334922 0.028428821545647749 0.0059675535808628765 0.058703735776780466 0.10624084165547268 0.15406929029194946 0.064186574360531032 0.1451101766815073 0.045761205544749883 0.018480939283235409 0.025513111531631456 0.14659751260908063 0.11920083585017643 0.15337419697296034 0.081059604740982116 0.020914397256460073
leaf_weight=860.86362701654434 6.8931038826704016 16.369546949863437 158.20391653478146 17.015663549304012 78.93374890089035 140.31724943220615 14.068854376673698 25.650081843137741 80.598015710711479 12.036981001496313 4.8473540246486655 12.577188640832899 17.813816681504253 3.429909065365794 3.3273796737194079 15.112705156207083 39.011420354247093 48.582995608448982 2.9998380392789832 9.2768913954496366 5.5760108679533014 67.521072208881378 10.706610113382338 27.201098442077637 6.3810501694679242 4.810069739818573 3.3355489522218704 11.374718993902205 15.764493554830549 3.034076675772666
leaf_count=6249 49 106 1118 110 557 978 93 162 577 83 31 82 123 23 22 103 269 335 21 61 37 428 70 189 44 32 23 73 103 20
internal_value=-0.000180603 0.0869257 -0.0246095 0.132354 0.00793991 0.0207451 0.050719 0.14237 -0.0385998 0.0440609 0.0594229 0.0667326 0.0565088 0.0486051 0.0701116 0.0550714 0.0339723 0.0481954 0.0210371 0.0924235 0.120326 0.154554 0.0804345 -0.00720294 0.0162782 0.104551 0.0576746 0.118313 0.107178 0.127713
internal_weight=1723.64 377.517 1346.12 167.436 404.656 219.251 210.081 140.36 941.462 181.159 71.8114 64.9183 52.3411 47.4937 26.6801 23.2502 109.348 60.62 20.8137 28.9218 14.8529 93.1712 27.0762 185.405 48.728 8.13745 9.7166 47.189 35.8142 20.0497
internal_count=12171 2503 9668 1072 2842 1535 1431 896 6826 1240 486 437 355 324 180 157 754 418 144 191 98 590 176 1307 336 54 67 306 233 130
is_linear=0
shrinkage=0.05


Tree=2
num_leaves=31
num_cat=0
split_feature=20 20 2 2 0 0 7 2 7 14 8 7 2 4 3 2 3 0 2 5 14 18 8 0 2 14 8 8 7 2
split_gain=1292.44 275.077 140.462 29.1574 25.3785 18.7255 18.4381 22.4187 15.6671 14.4646 13.1822 10.6386 10.2958 10.2445 11.5319 13.3736 11.2745 11.3085 11.374 10.1456 10.668 8.58405 21.0592 10.8808 10.1384 8.53383 7.94855 7.85958 8.73186 8.48313
threshold=0.24038461538461542 0.48076923076923084 13907.840000000002 146960.60000000003 529.00000000000011 460.50000000000006 1044500.0000000001 526686.90000000014 2819500.0000000005 1.5000000000000002 13.405000000000003 4799500.0000000009 434722.2950000001 108315.38500000001 2909684.7900000005 337573.56000000006 2852899.8250000007 508.50000000000006 347786.32000000007 7.5000000000000009 5.5000000000000009 0.29166666666666669 10.645000000000001 550.50000000000011 429896.15000000008 4.5000000000000009 12.635000000000003 10.275 4168500.0000000005 212466.81000000003
decision_type=2 2 2 2 2 2 2 2 2 2 2 2 2 2 2 2 2 2 2 2 2 2 2 2 2 2 2 2 2 2
left_child=2 3 -1 25 26 -4 -5 13 -9 -7 12 19 -6 14 15 -8 -15 18 -18 -10 -21 -17 -23 -24 -25 -2 27 -3 29 -29
right_child=1 4 5 6 10 9 7 8 11 -11 -12 -13 -14 16 -16 21 17 -19 -20 20 -22 22 23 24 -26 -27 -28 28 -30 -31
leaf_value=-0.038272102040046441 0.014961123794869226 0.027672131297593296 -0.012387354006862649 0.093225260296592463 0.10195465844275892 -0.0031434615444828496 0.03086305375882293 0.17723647541599283 0.054340828135200449 0.026524425854691499 0.18324925639955969 0.031654066373413767 0.13014492694932409 -0.028682386555106933 -0.04718614892357556 0.032981008434097507 0.019621695167388892 -0.013351089969064305 0.15633979940174303 0.12766328569229354 0.032093217346915941 -0.020408982416577379 0.16514875654474542 0.12144152178243889 0.025513323701375393 0.048372211880285072 0.0090292709834212965 0.066838156415593528 0.029858091461559905 0.14330718269395323
leaf_weight=903.7397225946188 107.05747854709625 4.9816005676984849 143.28978331387043 23.221329316496849 49.31089198589325 78.762315019965172 61.909660488367081 3.3378236740827552 18.073024898767471 85.881142303347588 8.8786901235580427 16.045746847987175 94.385532543063164 12.385420575737955 3.5735672712326041 10.09705424308777 3.0999659895896894 5.2661835998296738 2.9871219396591187 13.94220092892647 3.6935105770826331 3.6459171026945141 6.1673398017883327 6.8315231353044492 4.6150587052106857 23.265143230557442 4.1842551529407492 5.7910517901182201 3.7674211263656607 9.7045784443616849
leaf_count=6728 739 31 1019 151 298 557 415 21 117 588 51 104 547 84 24 68 21 36 20 88 23 24 40 45 31 156 26 36 23 60
internal_value=-0.000225103 0.0665303 -0.0283349 0.0393081 0.116043 0.000829337 0.0513531 0.0458182 0.0722432 0.0123319 0.124124 0.0654718 0.120471 0.0337446 0.0409603 0.0443377 0.00430857 0.0402988 0.0867135 0.0806678 0.107648 0.0709415 0.0889703 0.111611 0.082765 0.0209257 0.0726697 0.083653 0.0981302 0.114729
internal_weight=1721.89 510.219 1211.67 329.215 181.004 307.933 198.892 175.671 55.0923 164.643 152.575 51.7545 143.696 120.579 96.8401 93.2666 23.7387 11.3533 6.08709 35.7087 17.6357 31.3569 21.2598 17.6139 11.4466 130.323 28.4289 24.2447 19.2631 15.4956
internal_count=12171 3279 8892 2207 1072 2164 1312 1161 353 1145 896 332 845 808 647 623 161 77 41 228 111 208 140 116 76 895 176 150 119 96
is_linear=0
shrinkage=0.05


Tree=3
num_leaves=31
num_cat=0
split_feature=14 2 14 0 0 14 2 0 14 14 9 9 7 22 7 9 2 19 0 11 11 22 8 9 8 14 7 2 13 13
split_gain=1111.27 215.895 142.804 29.164 25.2752 22.0991 20.1802 11.3019 11.0274 10.4166 9.38921 8.7032 8.4275 8.55923 11.1869 7.72962 7.39815 7.21577 9.63586 7.77387 11.0646 10.6639 7.50828 7.31495 7.09257 7.06317 11.2376 16.424 10.3054 8.46473
threshold=3.5000000000000004 13907.840000000002 5.5000000000000009 529.00000000000011 460.50000000000006 1.5000000000000002 498525.60000000003 682.00000000000011 1.5000000000000002 7.5000000000000009 28.500000000000004 30.500000000000004 2839500.0000000005 89505.465000000011 3919500.0000000005 57.500000000000007 165084.69000000003 0.61904761904761918 555.50000000000011 23.500000000000004 11.500000000000002 47628.830000000009 13.405000000000003 44.500000000000007 12.175000000000002 4.5000000000000009 1036500.0000000001 180726.90000000002 3.5000000000000004 2.5000000000000004
decision_type=2 2 2 2 2 2 2 2 2 2 2 2 2 2 2 2 2 2 2 2 2 2 2 2 2 2 2 2 2 2
left_child=1 8 6 15 16 -6 10 12 -1 17 -2 -12 -8 -14 -15 -4 -3 18 -5 20 -19 -22 23 -20 -11 -13 27 29 -28 -27
right_child=2 4 3 9 5 -7 7 -9 -10 24 11 25 13 14 -16 -17 -18 19 22 -21 21 -23 -24 -25 -26 26 28 -29 -30 -31
leaf_value=-0.038720020206951866 0.089944674493637911 -0.010829463425194514 0.065896492218596989 0.18803302487579765 -0.0029926518124565021 0.029889882345260854 0.15284069257996535 -0.006187026678534476 -0.021126515974753277 0.11155634312069357 -0.047453951319268523 0.023796048439052711 0.015010089805937682 0.13914236982689596 0.066713981639786077 -0.015656202439180446 0.017273642107387868 0.047654091862970829 0.075643433097069529 0.039920805701857839 0.19240562528868835 0.0822297810702141 0.16475073779713276 0.11138834218713863 0.14342857501327477 0.084629991419426356 0.018081459744940263 0.15108402691022982 0.095110152172135989 0.0090699046891928991
leaf_weight=793.66710019111633 6.901893436908721 156.26704959571362 32.031568795442581 3.358159974217414 78.599216118454933 146.0197602212429 3.4525039941072455 4.402919501066207 100.32339936494827 56.901149213314056 3.5139991492032996 93.769306421279907 5.7526825070381156 6.6418447643518439 27.019071251153946 3.1953448057174674 27.546350419521332 6.6372478902339962 24.597399160265923 10.025596499443052 4.0787902921438199 4.7584968060255051 4.3181624412536612 34.231191754341125 25.178781524300575 7.8537936359643954 30.031986132264137 5.3557361513376227 5.0760200321674338 7.0191785842180252
leaf_count=6078 44 1118 191 19 557 978 20 27 748 311 23 619 35 39 167 20 189 37 141 57 23 27 23 192 133 51 195 32 32 45
internal_value=-0.000259789 -0.022986 0.0708743 0.0999887 0.00713173 0.0183835 0.041405 0.0700988 -0.0367457 0.108384 0.0329025 0.0303229 0.0779344 0.0713728 0.0810053 0.0584991 -0.00661792 0.0968322 0.105503 0.074219 0.09644 0.133081 0.101114 0.0964427 0.121333 0.0321559 0.0463219 0.0760056 0.0292185 0.04897
internal_weight=1718.53 1302.42 416.103 209.312 408.432 224.619 206.791 47.269 893.99 174.085 159.522 152.62 42.8661 39.4136 33.6609 35.2269 183.813 92.005 66.5049 25.5001 15.4745 8.83729 63.1468 58.8286 82.0799 149.106 55.3367 20.2287 35.108 14.873
internal_count=12171 9668 2503 1174 2842 1535 1329 288 6826 963 1041 997 261 241 206 211 1307 519 375 144 87 50 356 333 444 974 355 128 227 96
is_linear=0
shrinkage=0.05


Tree=4
num_leaves=31
num_cat=0
split_feature=20 20 2 2 0 0 14 2 4 4 2 3 3 4 5 11 3 2 4 4 0 4 4 3 14 11 3 4 2 11
split_gain=1016.8 179.351 124.475 20.6919 15.3095 14.9946 10.9885 10.1742 20.2853 8.70595 11.2061 9.50122 11.9499 10.7116 13.3227 8.92431 9.48442 8.36629 8.14243 7.60523 7.38539 7.32363 11.27 7.0832 6.3361 6.33428 7.16496 6.44683 6.30491 6.23925
threshold=0.24038461538461542 0.48076923076923084 13907.840000000002 146960.60000000003 460.50000000000006 529.00000000000011 1.5000000000000002 663927.70000000007 107663.15000000001 28047.225000000002 337573.56000000006 2779384.5450000004 2315717.9100000006 62992.420000000006 3.0000000000000004 2.5000000000000004 451508.27500000008 434722.2950000001 85701.450000000012 124289.81000000001 570.00000000000011 58788.750000000007 53124.155000000006 2052087.9100000001 1.0000000180025095e-35 12.500000000000002 3075772.5500000003 114899.33 416953.60000000003 18.500000000000004
decision_type=2 2 2 2 2 2 2 2 2 2 2 2 2 2 2 2 2 2 2 2 2 2 2 2 2 2 2 2 2 2
left_child=2 3 24 21 -4 -3 -6 8 9 -5 15 12 13 28 -15 20 -17 -7 -18 -10 -11 22 -2 -16 -1 27 -27 -9 -12 -8
right_child=1 5 4 7 6 17 29 25 19 10 11 -13 -14 14 23 16 18 -19 -20 -21 -22 -23 -24 -25 -26 26 -28 -29 -30 -31
leaf_value=-0.039992392848316891 0.02206520247787342 0.06104097544460603 -0.011548411157663164 0.080920652923110209 -0.002848789016853836 0.083286004831002347 0.037891355362661854 0.14014032682806177 -0.015889536839405593 0.032621891312001466 0.06354589405435207 0.0031908537467306014 0.12112843947099326 0.10130150495662636 -0.00092154268939857471 0.10389443249519653 0.011354300622517941 0.10673330008861087 0.056073041631434395 0.030840182591607979 0.14037216953950685 -0.0029844999367883282 0.11991456356372417 0.078679991496585222 -0.031238083565804844 0.07226323463400261 0.016845141055793968 0.064408537572852961 0.14573962410121247 0.011193546157047577
leaf_weight=510.84510652720928 99.990927547216415 30.640549808740616 141.39390137791634 16.882428556680679 78.444047808647156 56.753254979848862 38.760999709367752 5.1135053783655149 19.665428668260574 3.1589486002922049 5.1220614314079267 6.1107477843761435 8.9557957947254163 6.0967734307050732 13.715540677309038 3.5938791632652274 50.383474439382553 115.40481297671795 12.75648859143257 15.624959364533423 3.2025144249200821 30.396998941898346 3.0319302529096595 3.5097944140434256 347.14552326500416 17.530478492379192 8.7404080480337125 6.2386027872562408 4.2850034683942795 50.258893430233002
leaf_count=4019 663 176 1019 99 557 306 256 29 129 20 31 39 55 38 85 22 323 590 84 101 20 212 20 21 2709 101 53 37 25 332
internal_value=-0.000285103 0.0559705 -0.0266523 0.0339893 0.000566398 0.093268 0.0107952 0.0437462 0.0386232 0.0472869 0.04259 0.0614156 0.069951 0.0559472 0.0377806 0.0302802 0.0248861 0.0990037 0.0203891 0.00480023 0.086866 0.0185817 0.0249449 0.0152979 -0.0364504 0.0673118 0.0538255 0.0985216 0.100986 0.0228183
internal_weight=1713.75 546.905 1166.85 344.107 308.858 202.799 167.464 210.687 173.064 137.773 120.891 47.7957 41.685 32.7292 23.3221 73.0953 66.7338 172.158 63.14 35.2904 6.36146 133.42 103.023 17.2253 857.991 37.623 26.2709 11.3521 9.40706 89.0199
internal_count=12171 3279 8892 2207 2164 1072 1145 1312 1092 862 763 294 255 200 144 469 429 896 407 230 40 895 683 106 6728 220 154 66 56 588
is_linear=0
shrinkage=0.05


Tree=5
num_leaves=31
num_cat=0
split_feature=2 20 0 14 2 22 2 8 0 9 22 8 8 11 20 20 11 11 22 7 9 22 11 11 8 2 2 8 11 11
split_gain=890.951 161.14 94.2251 23.7157 23.6633 13.8735 15.8227 12.0818 11.5177 11.2734 10.5754 16.803 11.6046 9.8994 9.58547 8.64793 8.46595 8.035 9.90701 14.3728 9.00746 7.95183 7.77339 13.0677 13.8042 7.73018 8.47841 8.3826 10.6304 7.77349
threshold=95469.020000000019 0.48076923076923084 8.5000000000000018 2.5000000000000004 904967.43000000005 68753.37000000001 607144.32000000018 10.975000000000003 600.50000000000011 32.500000000000007 96334.065000000017 12.775 10.225000000000003 19.500000000000004 0.32051282051282054 0.56089743589743601 1.0000000180025095e-35 26.500000000000004 22928.110000000004 1085500.0000000002 54.500000000000007 31853.800000000003 42.500000000000007 47.500000000000007 10.915000000000001 100981.61000000002 347786.32000000007 11.475000000000003 31.500000000000004 25.500000000000004
decision_type=2 2 2 2 2 2 2 2 2 2 2 2 2 2 2 2 2 2 2 2 2 2 2 2 2 2 2 2 2 2
left_child=2 3 -1 10 5 6 9 15 14 -3 11 25 13 -12 21 -6 -4 -11 -19 -20 -21 -5 -18 24 -24 -2 27 28 29 -27
right_child=1 4 16 8 7 -7 -8 -9 -10 17 12 -13 -14 -15 -16 -17 22 18 19 20 -22 -23 23 -25 -26 26 -28 -29 -30 -31
leaf_value=-0.035203571976316288 0.090444130824650706 0.02478160077948436 0.060860085737233865 0.063580150316436962 0.016258656062990019 0.040788971616035681 0.12857622892006493 0.12009911404808285 0.04807833358580102 0.089892747758083563 0.10687933886177739 0.098236182410849082 -0.010408008391148797 0.001765092564550334 0.038659808734673194 0.091605045035108287 -0.003279990424594276 0.097598884487975643 -0.043236564759929791 0.094273807621633898 0.016017590869928162 0.0078705541558752416 0.12221173793932501 -0.019275434224912957 0.0046502212209739496 0.029534758228323077 0.08291213902436631 -0.020373711644220003 -0.023233210394667188 0.11406103199897238
leaf_weight=858.33646110445261 3.3099248111248007 11.281401351094244 5.7592517212033263 7.1645612865686408 4.7130776643753078 30.316183865070343 14.042925313115118 49.100825294852257 130.64570677280426 52.10589425265789 4.1787643730640394 7.2056331038475028 58.852629512548447 4.8275102972984314 90.45480290055275 19.836857199668884 203.98005196452141 9.9821502268314379 4.393285974860194 8.3150553554296476 6.5923915803432456 60.451967716217041 5.4677649885416049 7.3209276348352423 4.5958146005868912 13.229580968618398 3.8070351481437674 18.491067066788673 7.9933706670999518 3.4240037798881522
leaf_count=6883 23 58 40 46 24 157 68 240 786 267 29 48 411 34 558 98 1421 52 24 43 35 398 38 52 32 89 25 126 55 23
internal_value=-0.000247085 0.0473239 -0.0276257 0.0292095 0.0829229 0.0706378 0.0791176 0.10578 0.0370934 0.0716228 0.0110462 0.0268306 -0.00231943 0.0505364 0.0280144 0.0771401 0.00101239 0.0781155 0.0571591 0.036244 0.0596672 0.0137735 -0.000544667 0.0315501 0.068524 0.0165923 0.0113853 0.00507289 0.0241639 0.0469135
internal_weight=1710.18 624.717 1085.46 414.037 210.68 137.029 106.713 73.6508 288.717 92.6702 125.32 57.4606 67.8589 9.00627 158.071 24.5499 227.124 81.3888 29.2829 19.3007 14.9074 67.6165 221.365 17.3845 10.0636 50.255 46.9451 43.138 24.647 16.6536
internal_count=12183 3717 8466 2651 1066 704 547 362 1788 479 863 389 474 63 1002 122 1583 421 154 102 78 444 1543 122 70 341 318 293 167 112
is_linear=0
shrinkage=0.05


Tree=6
num_leaves=31
num_cat=0
split_feature=2 20 14 2 2 0 8 8 3 11 11 19 2 7 0 20 11 7 20 2 2 14 11 8 3 2 8 2 2 7
split_gain=803.638 179.237 34.1316 21.6871 20.7889 17.3881 9.682 9.65634 9.4211 9.30101 8.98915 9.02305 8.45701 9.7184 8.14126 7.78574 7.22551 9.28688 7.21228 7.16056 7.74034 7.14094 6.83264 7.02069 17.6326 10.4663 9.31177 7.50351 6.60309 8.43541
threshold=43764.250000000007 0.48076923076923084 2.5000000000000004 1.0000000180025095e-35 904967.43000000005 555.50000000000011 10.975000000000003 13.305000000000001 2828679.3000000003 19.500000000000004 40.500000000000007 0.15476190476190479 180726.90000000002 610500.00000000012 585.50000000000011 0.32051282051282054 46.500000000000007 3844500.0000000005 0.56089743589743601 50027.215000000004 305481.62000000005 1.5000000000000002 14.500000000000002 11.995000000000003 488494.07000000007 109001.66000000002 11.575000000000001 202648.42000000004 123232.82500000001 1028500.0000000001
decision_type=2 2 2 2 2 2 2 2 2 2 2 2 2 2 2 2 2 2 2 2 2 2 2 2 2 2 2 2 2 2
left_child=3 2 7 21 8 15 18 19 12 -10 -5 -12 13 -3 -9 -4 22 -18 -6 -2 -21 -1 23 24 -7 -25 -26 -27 -17 -30
right_child=1 4 5 10 6 16 -8 14 9 -11 11 -13 -14 -15 -16 28 17 -19 -20 20 -22 -23 -24 25 26 27 -28 -29 29 -31
leaf_value=-0.036086399495545048 0.046100686986554812 0.085564607539876228 0.0091030215117800829 -0.013698056964632215 0.015328752581322831 -0.062847697277280498 0.10862708699878537 0.024348024002618804 0.061308388580437856 -0.043496572979592814 0.11209291355490303 0.0029841237782420875 0.072180648552987198 0.0099027910324613194 0.11468027251690319 0.009526679784784383 0.044271965243849798 0.14987755310292492 0.083683696093100224 -0.0023049245595890659 0.028805639470447942 -0.02173050192581414 0.032427774495891119 0.16072111063835567 0.061696609862812481 0.0050237959759616875 -0.0062780295306086482 0.079725821123256574 0.096228614786841152 0.033414992122338762
leaf_weight=733.47165982425213 9.406161427497862 6.4826217740774181 81.486311182379723 82.76642844825983 4.748112007975581 3.7057768106460562 51.504696801304817 9.3950709104537946 4.5907691717147809 3.9284392595291138 2.893115505576132 5.4915042817592621 117.04743850231171 12.290285155177115 3.3958432823419562 26.419702708721161 5.110810384154318 3.5125525146722794 20.607571706175804 167.45288768410683 22.704068779945374 98.223542809486389 103.82658617198467 3.1401096135377911 32.932488471269608 4.4049864560365704 5.9482372701168051 14.191211447119711 5.9007261097431174 56.740975514054298
leaf_count=6074 67 33 541 590 24 23 240 65 23 20 20 38 579 65 22 167 31 21 98 1171 150 769 619 20 193 27 34 82 34 343
internal_value=-0.000265124 0.0370663 0.0220066 -0.0318535 0.0751702 0.0316614 0.0961758 0.00621536 0.0639847 0.01298 -0.00870044 0.0406321 0.067184 0.0360302 0.0483302 0.0202716 0.0426501 0.0872883 0.0708835 0.00351603 0.00140957 -0.034391 0.0403609 0.0531662 0.0413648 0.0762879 0.0512974 0.0620307 0.0304903 0.0393319
internal_weight=1703.72 780.874 559.675 922.846 221.2 347.32 76.8604 212.354 144.34 8.51921 91.151 8.38462 135.82 18.7729 12.7909 170.548 176.773 8.62336 25.3557 199.563 190.157 831.695 168.149 64.3228 42.5865 21.7363 38.8807 18.5962 89.0614 62.6417
internal_count=12183 4692 3610 7491 1082 2135 362 1475 720 43 648 58 677 98 87 1085 1050 52 122 1388 1321 6843 998 379 250 129 227 109 544 377
is_linear=0
shrinkage=0.05


end of trees

feature_importances:
overdue_amt=45
vintage_months=23
roi=19
current_dpd=18
bounce_rate_12m=17
bounces_12m=16
emi_amt=15
disbursal_amt=15
pos=10
tenure_m=10
avg_payment_amt=8
cycle_day=5
bounce_rate_6m=3
bounces_6m=2
payment_count_6m=2
bounces_3m=1
bounce_rate_3m=1

parameters:
[boosting: gbdt]
[objective: binary]
[metric: auc]
[tree_learner: serial]
[device_type: cpu]
[data_sample_strategy: bagging]
[data: ]
[valid: ]
[num_iterations: 200]
[learning_rate: 0.05]
[num_leaves: 31]
[num_threads: 0]
[seed: 42]
[deterministic: 0]
[force_col_wise: 0]
[force_row_wise: 0]
[histogram_pool_size: -1]
[max_depth: -1]
[min_data_in_leaf: 20]
[min_sum_hessian_in_leaf: 0.001]
[bagging_fraction: 0.8]
[pos_bagging_fraction: 1]
[neg_bagging_fraction: 1]
[bagging_freq: 5]
[bagging_seed: 400]
[bagging_by_query: 0]
[feature_fraction: 0.8]
[feature_fraction_bynode: 1]
[feature_fraction_seed: 30056]
[extra_trees: 0]
[extra_seed: 12879]
[early_stopping_round: 0]
[early_stopping_min_delta: 0]
[first_metric_only: 0]
[max_delta_step: 0]
[lambda_l1: 0]
[lambda_l2: 0]
[linear_lambda: 0]
[min_gain_to_split: 0]
[drop_rate: 0.1]
[max_drop: 50]
[skip_drop: 0.5]
[xgboost_dart_mode: 0]
[uniform_drop: 0]
[drop_seed: 17869]
[top_rate: 0.2]
[other_rate: 0.1]
[min_data_per_group: 100]
[max_cat_threshold: 32]
[cat_l2: 10]
[cat_smooth: 10]
[max_cat_to_onehot: 4]
[top_k: 20]
[monotone_constraints: ]
[monotone_constraints_method: basic]
[monotone_penalty: 0]
[feature_contri: ]
[forcedsplits_filename: ]
[refit_decay_rate: 0.9]
[cegb_tradeoff: 1]
[cegb_penalty_split: 0]
[cegb_penalty_feature_lazy: ]
[cegb_penalty_feature_coupled: ]
[path_smooth: 0]
[interaction_constraints: ]
[verbosity: -1]
[saved_feature_importance_type: 0]
[use_quantized_grad: 0]
[num_grad_quant_bins: 4]
[quant_train_renew_leaf: 0]
[stochastic_rounding: 1]
[linear_tree: 0]
[max_bin: 255]
[max_bin_by_feature: ]
[min_data_in_bin: 3]
[bin_construct_sample_cnt: 200000]
[data_random_seed: 175]
[is_enable_sparse: 1]
[enable_bundle: 1]
[use_missing: 1]
[zero_as_missing: 0]
[feature_pre_filter: 1]
[pre_partition: 0]
[two_round: 0]
[header: 0]
[label_column: ]
[weight_column: ]
[group_column: ]
[ignore_column: ]
[categorical_feature: 1,6,10]
[forcedbins_filename: ]
[precise_float_parser: 0]
[parser_config_file: ]
[objective_seed: 16083]
[num_class: 1]
[is_unbalance: 0]
[scale_pos_weight: 1]
[sigmoid: 1]
[boost_from_average: 1]
[reg_sqrt: 0]
[alpha: 0.9]
[fair_c: 1]
[poisson_max_delta_step: 0.7]
[tweedie_variance_power: 1.5]
[lambdarank_truncation_level: 30]
[lambdarank_norm: 1]
[label_gain: ]
[lambdarank_position_bias_regularization: 0]
[eval_at: ]
[multi_error_top_k: 1]
[auc_mu_weights: ]
[num_machines: 1]
[local_listen_port: 12400]
[time_out: 120]
[machine_list_filename: ]
[machines: ]
[gpu_platform_id: -1]
[gpu_device_id: -1]
[gpu_use_dp: 0]
[num_gpu: 1]

end of parameters

pandas_categorical:[["B1", "B2", "B3", "NPA_120", "NPA_150", "NPA_180+", "NPA_90", "X"], ["CE", "HCV", "LCV", "TIPPER", "TRACTOR"], ["Andhra Pradesh", "Bihar", "Gujarat", "Haryana", "Karnataka", "Kerala", "Madhya Pradesh", "Maharashtra", "Punjab", "Rajasthan", "Tamil Nadu", "Telangana", "Uttar Pradesh", "West Bengal"]]
