tree
version=v4
num_class=1
num_tree_per_iteration=1
label_index=0
max_feature_idx=3
objective=binary sigmoid:1
feature_names=current_dpd overdue_amt pos emi_amt
feature_infos=[0:684] [0:2890355.04] [106152.89:5315614.5599999996] [10493.530000000001:187451.14000000001]
tree_sizes=3261 3385 3375 3368 3372 3371 3389 3369 3371 3376 3370 3361 3369 3357 3374 3366 3366

Tree=0
num_leaves=31
num_cat=0
split_feature=0 1 0 1 2 2 1 2 0 1 0 1 2 1 0 2 0 0 1 0 2 0 2 2 1 1 1 1 0 0
split_gain=1318.05 22.5994 43.9459 27.0283 24.5731 10.5399 7.1896 14.8126 5.59802 6.1441 5.84869 4.15153 10.6827 6.03007 3.91312 3.5256 3.41092 3.18705 4.08739 4.06046 3.52565 3.20371 3.13113 2.85565 2.40278 2.40125 3.20039 2.06626 2.05522 1.92624
threshold=1.0000000180025095e-35 136361.53000000003 174.50000000000003 44325.860000000008 1387227.4100000004 471431.47000000003 748546.42000000016 1993604.4100000001 174.50000000000003 396423.11000000004 621.00000000000011 66521.455000000016 617298.82000000018 114970.02500000001 34.500000000000007 625434.12000000011 550.50000000000011 343.50000000000006 320744.45000000001 488.50000000000006 1277144.0500000003 611.50000000000011 2748373.1150000007 443623.32500000001 60887.100000000006 236646.45000000004 283360.74000000005 197025.21000000005 373.50000000000006 641.50000000000011
decision_type=2 2 2 2 2 2 2 2 2 2 2 2 2 2 2 2 2 2 2 2 2 2 2 2 2 2 2 2 2 2
left_child=-1 2 14 5 11 -4 7 15 -9 10 16 12 -5 -13 -2 -3 22 -17 20 -20 21 27 28 -16 -25 -23 -27 -19 -10 -21
right_child=1 6 3 4 -6 -7 -8 8 9 -11 -12 13 -14 -15 23 17 -18 18 19 29 -22 25 -24 24 -26 26 -28 -29 -30 -31
leaf_value=-0.87360923350037045 -1.1356480270327958 -1.1262650638925076 -1.0278642453187152 -1.0887332113313546 -0.98653499118172827 -0.93003874778473994 -1.1223736033901144 -1.1356480270327958 -1.0520543554193187 -1.0950057999500002 -1.0099979119367617 -1.1068564689036922 -0.99115039467235655 -1.0631727255353969 -1.1356480270327958 -1.1356480270327958 -1.1128025515607896 -1.0991587259316749 -1.069967285050778 -1.1294904574719817 -1.0729082137962416 -1.0639963085069581 -1.0339488136412844 -1.0568311366543743 -1.1084697889712711 -1.1356480270327958 -1.0730949394308742 -1.1356480270327958 -1.0970122964551383 -1.1105471065301138
leaf_weight=73.080780029296875 28.356865167617798 42.630455017089844 7.4222667217254621 10.657613754272459 7.0416376590728751 4.3772342205047607 90.399402379989624 5.1384923458099356 4.1869196891784757 34.446930170059204 4.3772342205047599 27.785921573638916 3.806290626525878 11.038242816925047 4.5675487518310538 10.467299222946165 4.3772342205047599 6.8513231277465847 4.5675487518310538 24.360260009765625 12.751073598861693 6.2803795337676993 5.8997504711151114 3.8062906265258771 5.5191214084625244 4.186919689178465 3.9966051578521729 8.9447829723358137 6.4706940650939941 29.879381418228149
leaf_count=384 149 224 39 56 37 23 475 27 22 181 23 146 20 58 24 55 23 36 24 128 67 33 31 20 29 22 21 47 34 157
internal_value=-1.06974 -1.1035 -1.0845 -1.06078 -1.07432 -0.991574 -1.1105 -1.10562 -1.08557 -1.08126 -1.06256 -1.08592 -1.06305 -1.09444 -1.125 -1.11402 -1.07355 -1.10938 -1.10667 -1.11524 -1.09496 -1.10425 -1.06317 -1.10326 -1.08739 -1.08725 -1.1051 -1.11982 -1.07935 -1.11905
internal_weight=497.672 424.592 114.379 72.1292 60.3297 11.7995 310.213 219.813 64.8973 59.7588 25.3118 53.2881 14.4639 38.8242 42.2498 154.916 20.9346 112.286 101.818 58.8072 43.0111 30.26 16.5574 13.893 9.32541 14.4639 8.18352 15.7961 10.6576 54.2396
internal_count=2615 2231 601 379 317 62 1630 1155 341 314 133 280 76 204 222 814 110 590 535 309 226 159 87 73 49 76 43 83 56 285
is_linear=0
shrinkage=1


Tree=1
num_leaves=31
num_cat=0
split_feature=0 0 0 0 2 2 0 0 3 2 3 2 2 2 2 3 0 0 0 0 3 2 2 2 3 2 3 3 0 0
split_gain=1104.52 13.8323 31.4652 4.68825 4.59317 4.22349 4.18542 2.50618 2.45412 5.58479 4.74656 2.46012 2.97845 3.32558 2.43646 2.42896 2.34301 2.91622 1.46623 3.41163 1.55478 2.22534 2.38603 6.19298 1.40602 2.55927 1.88259 1.58092 1.37587 2.64673
threshold=1.0000000180025095e-35 95.500000000000014 529.00000000000011 519.50000000000011 710881.31000000017 1368857.8650000002 190.50000000000003 281.50000000000006 46816.915000000008 1368857.8650000002 88553.740000000005 718199.91000000003 497517.91000000009 352896.53000000009 1501409.7600000002 20436.910000000003 174.50000000000003 246.50000000000003 661.50000000000011 651.00000000000011 111490.19000000002 3303900.5650000004 2342010.8400000003 1960580.0100000002 116921.40500000001 3904591.3050000002 123885.30500000001 135822.39000000004 479.00000000000006 434.50000000000006
decision_type=2 2 2 2 2 2 2 2 2 2 2 2 2 2 2 2 2 2 2 2 2 2 2 2 2 2 2 2 2 2
left_child=-1 -2 3 4 6 28 -3 -8 11 10 -10 12 13 15 -7 -4 -16 -18 19 24 21 22 23 -20 -11 26 -26 -28 29 -6
right_child=1 2 8 -5 5 14 7 -9 9 18 -12 -13 -14 -15 16 -17 17 -19 20 -21 -22 -23 -24 -25 25 -27 27 -29 -30 -31
leaf_value=0.16915037367250441 -0.062281194176076596 -0.044215750798512268 -0.048343164478359714 0.028325877233046318 -0.038377814974587345 0.024404804212870789 0.037356671640498849 0.0011236976547237042 -0.025829055488060589 -0.044628918035081525 0.030322235178459851 -0.05788044860017795 -0.030957107122667218 -0.064092891094920931 -0.052791481914761532 -0.0033410361288987948 0.022434476318135738 -0.016368044252693715 -0.058128152128523319 -0.0002727385857966039 -0.06020948867997114 -0.012548156752287661 -0.060444412637170868 -0.0026168343244951792 0.013969318573009374 -0.057036635069844903 -0.053190773420442872 -0.010887921336998681 -0.057716034137784457 0.0061280540426564946
leaf_weight=79.784191131591797 38.9139434248209 4.479824870824813 8.2247456908225995 7.3520832806825629 17.637303963303573 4.3686097562313071 5.7284524887800208 28.598036199808121 19.714775726199154 43.329957216978073 4.6515500247478476 34.710806921124458 33.658526360988617 21.227246209979057 3.7055720686912528 4.7186779677867881 5.5601495504379264 37.498993128538132 12.087920486927034 6.0146471858024588 16.172598391771317 5.5735602080821982 16.743680059909821 8.5980869978666288 3.7284040749073055 5.3813316822051993 3.7370875924825651 5.3997474610805511 5.6115897744894019 4.1210637390613547
leaf_count=384 211 24 44 39 94 23 30 151 106 232 25 186 180 114 20 25 29 198 65 32 87 30 90 46 20 29 20 29 30 22
internal_value=-0.00130205 -0.0338951 -0.0309754 -0.0104062 -0.0128336 -0.0197897 0.00123827 0.00717031 -0.0410837 -0.0370328 -0.0151097 -0.0470542 -0.041514 -0.0519127 -0.0113048 -0.0319371 -0.0146407 -0.0113575 -0.0412467 -0.0362152 -0.0469937 -0.0420235 -0.0464126 -0.035055 -0.039726 -0.0280831 -0.0159723 -0.0281904 -0.0356415 -0.0299483
internal_weight=497.033 417.249 378.335 124.662 117.31 78.5033 38.8063 34.3265 253.673 151.133 24.3663 102.54 67.8292 34.1707 51.1333 12.9434 46.7647 43.0591 126.767 67.5912 59.1758 43.0032 37.4297 20.686 61.5765 18.2466 12.8652 9.13684 27.37 21.7584
internal_count=2615 2231 2020 660 621 416 205 181 1360 811 131 549 363 183 270 69 247 227 680 362 318 231 201 111 330 98 69 49 146 116
is_linear=0
shrinkage=0.05


Tree=2
num_leaves=31
num_cat=0
split_feature=0 0 0 0 2 2 0 3 2 3 2 2 2 3 3 0 3 2 0 0 3 0 0 3 2 2 2 3 2 3
split_gain=946.714 13.3714 29.6566 4.2214 4.21372 3.94734 3.85089 2.36363 5.29495 4.35522 2.39879 2.87425 3.24717 2.29082 2.25999 5.33323 2.67559 2.20098 2.20621 2.63888 1.74746 1.41548 3.20528 1.51844 2.11973 2.32086 5.88166 1.34411 2.43738 1.72656
threshold=1.0000000180025095e-35 95.500000000000014 529.00000000000011 519.50000000000011 710881.31000000017 1368857.8650000002 190.50000000000003 46816.915000000008 1368857.8650000002 82777.215000000011 718199.91000000003 497517.91000000009 352896.53000000009 20436.910000000003 17075.305000000004 488.50000000000006 27156.590000000004 1501409.7600000002 174.50000000000003 246.50000000000003 21973.030000000002 661.50000000000011 651.00000000000011 111490.19000000002 3303900.5650000004 2342010.8400000003 1960580.0100000002 116921.40500000001 3904591.3050000002 123885.30500000001
decision_type=2 2 2 2 2 2 2 2 2 2 2 2 2 2 2 2 2 2 2 2 2 2 2 2 2 2 2 2 2 2
left_child=-1 -2 3 4 6 -6 -3 10 9 -9 11 12 13 -4 -8 16 20 -7 -19 -20 -16 22 27 24 25 26 -23 -10 29 -29
right_child=1 2 7 -5 5 17 14 8 21 -11 -12 -13 -14 -15 15 -17 -18 18 19 -21 -22 23 -24 -25 -26 -27 -28 28 -30 -31
leaf_value=0.15054942604154287 -0.061179252271221674 -0.042990433461726964 -0.047104789340032455 0.02652894615111448 -0.034497437425757636 0.02290477890013691 -0.025201166490757501 -0.02593064862659793 -0.043400980062636652 0.024832841733124288 -0.056690470910041403 -0.029886922968705709 -0.062992622922552477 -0.003179378205797371 0.023303539450805533 -0.035910991950584926 0.0042345570375614747 -0.05157986001045281 0.021079622224749628 -0.015679459577451357 0.061669297618134333 -0.056949795424227345 -0.00025913957555486752 -0.059056168570821146 -0.011999137644104169 -0.059292129736458435 -0.0024893514389939149 0.013175788267923328 -0.0558527338604628 -0.027183532674908691
leaf_weight=85.009769439697266 37.665815949440002 4.379704236984252 8.0240643322467786 7.4548247456550589 26.880043745040894 4.4205865412950507 4.7591862827539435 18.722417205572132 42.353162497282028 5.456628516316413 33.693363189697266 33.134139433503151 20.53566911816597 4.7108785212039939 8.255466237664228 4.8726431876420966 11.924112260341643 3.6055412888526908 5.6200464814901343 37.196411862969398 4.6339350491762152 11.73024156689644 6.0138307660818091 15.676631882786749 5.5380758494138709 16.22872132062912 8.5867895483970624 3.7546093165874508 5.2246224880218497 9.0066830664873105
leaf_count=384 211 24 44 39 146 23 25 102 232 29 186 180 114 25 43 26 63 20 29 198 24 65 32 87 30 90 46 20 29 49
internal_value=-0.00130779 -0.0327895 -0.029918 -0.00994781 -0.012281 -0.0190004 0.00117044 -0.0398876 -0.0358803 -0.0144746 -0.0458242 -0.0403107 -0.0506917 -0.030856 0.00678547 0.0119135 0.0213048 -0.0108073 -0.0140176 -0.0108545 0.0370966 -0.0400505 -0.0350685 -0.0457735 -0.0408256 -0.0451939 -0.0339326 -0.0385379 -0.0270864 -0.0153091
internal_weight=495.069 410.059 372.393 124.003 116.548 77.7226 38.825 248.391 148.292 24.179 100.098 66.4048 33.2706 12.7349 34.4453 29.6862 24.8135 50.8426 46.422 42.8165 12.8894 124.113 66.3529 57.7605 42.0838 36.5458 20.317 60.3391 17.9859 12.7613
internal_count=2615 2231 2020 660 621 416 205 1360 811 131 549 363 183 69 181 156 130 270 247 227 67 680 362 318 231 201 111 330 98 69
is_linear=0
shrinkage=0.05


Tree=3
num_leaves=31
num_cat=0
split_feature=0 1 0 1 2 1 2 2 0 1 2 2 1 2 1 0 2 0 1 0 0 1 2 0 2 0 1 1 0 2
split_gain=824.583 21.7585 38.3833 22.213 20.4133 6.89873 13.8926 5.29925 5.04244 5.51099 5.50197 4.71981 10.4686 6.98527 5.28202 3.93411 3.52238 3.58064 5.28863 3.86003 2.95547 2.8946 2.84624 2.7368 2.94512 3.64214 2.37598 2.34882 2.07492 2.83827
threshold=1.0000000180025095e-35 136361.53000000003 174.50000000000003 42202.290000000008 1387227.4100000004 748546.42000000016 1993604.4100000001 471431.47000000003 174.50000000000003 274957.9200000001 2726245.4800000004 528958.85000000009 73712.140000000014 612537.70000000007 114970.02500000001 34.500000000000007 757807.7350000001 343.50000000000006 172909.51500000004 399.50000000000006 470.00000000000006 109804.12500000001 443623.32500000001 409.00000000000006 3155766.8900000006 590.00000000000011 60887.100000000006 202730.21000000002 651.00000000000011 926071.97000000009
decision_type=2 2 2 2 2 2 2 2 2 2 2 2 2 2 2 2 2 2 2 2 2 2 2 2 2 2 2 2 2 2
left_child=-1 2 15 7 11 6 16 -4 -8 10 27 20 -13 -14 -15 -2 -3 -18 -19 -20 -5 -22 -17 -11 -25 -26 -24 -10 -21 -30
right_child=1 5 3 4 -6 -7 8 -9 9 23 -12 12 13 14 -16 22 17 18 19 28 21 -23 26 24 25 -27 -28 -29 29 -31
leaf_value=0.13644030384024031 -0.064195350213463828 -0.051481949715613096 0.04667286568718583 -0.0070831202955222716 0.075304627301378241 -0.050887719003719883 -0.064277017072122064 0.11737952746776302 0.025945882146839384 -0.043752228544648809 0.066091758838716916 0.053725037278164224 0.041974462335163332 -0.055251556183333432 0.015127180546198694 -0.064438159746050244 -0.065107847495237445 0.024942735164706815 0.0088160626674402363 -0.045087615762050462 -0.053425739812602138 -0.0092948425804491568 0.016625554334532167 -0.020079509616062492 0.048879440699032287 -0.018220480380866724 -0.036107292766097664 -0.026323634116778145 -0.056664115199870406 -0.017187242668027344
leaf_weight=88.997228622436523 25.662281885743141 61.713342115283012 6.9814317226409894 10.823807179927828 7.2981043756008139 84.481264859437943 4.6648723930120459 4.2710998058319092 3.7694670855998975 8.6602697074413282 4.1375413239002219 7.0284839719533947 3.696583271026614 9.6091112494468671 3.6896454691886893 4.1717798113822928 9.2530401647090894 3.8491567820310584 4.6495424211025229 41.855036780238152 12.434552401304247 5.299247905611991 3.6419752538204175 28.354184880852699 3.9023550599813444 4.197747990489006 5.1661645323038101 5.0004065781831741 6.0211831331253078 18.674352899193764
leaf_count=384 149 345 36 57 37 475 27 21 20 46 22 37 20 53 20 24 52 21 25 233 69 29 20 155 21 23 29 27 34 104
internal_value=-0.00130161 -0.0317233 -0.0127355 0.00905612 -0.00305618 -0.0388327 -0.0339529 0.0735108 -0.0142645 -0.0102436 0.0185653 -0.0139324 0.00240025 -0.0188253 -0.0357255 -0.0528491 -0.0424054 -0.035761 -0.0321428 -0.0352289 -0.027672 -0.0402385 -0.0304168 -0.0184859 -0.0124835 0.014106 -0.0143034 -0.00385715 -0.038306 -0.0268124
internal_weight=491.955 402.958 109.774 71.1321 59.8795 293.184 208.702 11.2525 62.6868 58.022 12.9074 52.5814 24.0238 16.9953 13.2988 38.6422 146.016 84.3023 75.0493 71.2001 28.5576 17.7338 12.9799 45.1146 36.4543 8.1001 8.80814 8.76987 66.5506 24.6955
internal_count=2615 2231 601 379 322 1630 1155 57 341 314 69 285 130 93 73 222 814 469 417 396 155 98 73 245 199 44 49 47 371 138
is_linear=0
shrinkage=0.05


Tree=4
num_leaves=31
num_cat=0
split_feature=0 1 0 3 1 3 1 0 0 3 3 1 1 0 1 1 3 0 0 3 1 0 0 1 1 1 3 1 0 1
split_gain=726.904 20.466 35.8504 16.6143 21.5072 7.89608 16.5026 6.83077 6.82291 5.86768 5.72192 4.43974 3.97351 3.07969 3.04374 2.82609 2.78784 2.53247 7.25336 3.67078 3.84778 3.77697 5.09757 2.24541 2.22558 4.05078 2.21639 2.13064 1.91443 3.06232
threshold=1.0000000180025095e-35 136361.53000000003 95.500000000000014 53835.365000000013 44325.860000000008 64959.475000000006 748546.42000000016 174.50000000000003 449.50000000000006 20436.910000000003 88553.740000000005 64197.615000000013 320744.45000000001 388.50000000000006 226028.37000000002 114970.02500000001 72191.630000000019 641.50000000000011 661.50000000000011 130016.64000000001 280764.60000000003 388.50000000000006 580.50000000000011 319067.90000000008 260603.33000000005 202730.21000000002 64959.475000000006 229391.64000000004 600.50000000000011 91174.465000000011
decision_type=2 2 2 2 2 2 2 2 2 2 2 2 2 2 2 2 2 2 2 2 2 2 2 2 2 2 2 2 2 2
left_child=-1 2 -2 4 13 14 7 -7 26 -6 12 -11 24 -4 -3 28 -14 19 -19 20 27 -22 -23 -21 25 -9 -5 -12 29 -13
right_child=1 5 3 8 9 6 -8 10 -10 11 17 15 16 -15 -16 -17 -18 18 -20 23 21 22 -24 -25 -26 -27 -28 -29 -30 -31
leaf_value=0.12536187272907287 -0.058509349488438035 -0.036609855624000966 0.025575272871869021 0.059954514675322548 -0.044301969670472008 -0.063426935202714738 -0.048809016853158443 0.0059545467344693723 0.11028813584726603 0.023952930104429403 -0.014006840052172863 -0.012151828622377592 -0.012074099400577557 0.071073936265482182 -0.05379908954786148 0.006052710066118531 -0.05292618534429884 0.072274055506311177 -0.0091745838794720803 -0.011727456288115612 -0.065757323892851716 0.0041963180521379156 -0.050813084404281741 0.034184144256033264 0.023031924419524012 -0.054994154270805722 0.0086587402441170597 0.039133835516802759 0.0027583329432013474 -0.058670960787704389
leaf_weight=91.935831069946289 30.23672316968441 39.204551190137863 7.4176073819398862 3.8979108631610853 16.643723130226135 7.508612558245658 74.031462088227272 6.2444657087326032 4.1814370751380912 8.2061848640441877 3.7751411795616177 6.4649163037538582 5.6048269420862225 7.4592950642108917 75.060254991054535 8.2432928085327131 16.383859649300575 3.9531668275594702 8.8592773377895337 4.5267467647790891 5.2719386816024807 10.667614728212358 6.9585780650377265 6.4687519073486328 3.9561241567134848 4.8384879231452942 4.5803444385528564 3.7697895020246506 3.6979299485683432 7.8134526759386063
leaf_count=384 181 224 38 20 93 45 428 34 21 43 20 35 31 37 432 44 92 21 49 24 29 58 39 35 22 27 24 20 21 44
internal_value=-0.00129388 -0.0307039 -0.0122417 0.00555571 -0.00451591 -0.0377035 -0.0309608 -0.0175854 0.0580204 -0.0199273 -0.0138145 -0.00814293 -0.0289674 0.0483884 -0.0479014 -0.0181883 -0.0425132 -0.00347218 0.0159557 -0.00947911 -0.0184227 -0.0286264 -0.0175206 0.0152828 -0.00916203 -0.0206538 0.0322422 0.0125447 -0.0293043 -0.0376082
internal_weight=487.862 395.926 108.843 78.6061 65.9464 287.084 172.819 98.7874 12.6597 51.0695 91.2788 34.4258 37.0278 14.8769 114.265 26.2196 21.9887 54.251 12.8124 41.4386 30.4431 22.8981 17.6262 10.9955 15.0391 11.083 8.47826 7.54493 17.9763 14.2784
internal_count=2615 2231 601 420 355 1630 974 546 65 280 501 187 206 75 656 144 123 295 70 225 166 126 97 59 83 61 44 40 100 79
is_linear=0
shrinkage=0.05


Tree=5
num_leaves=31
num_cat=0
split_feature=1 1 1 3 2 1 1 3 1 1 2 2 2 2 1 3 1 1 2 1 3 3 3 1 2 2 1 3 2 2
split_gain=620.922 18.8491 7.17143 11.5532 4.76104 6.07729 7.46782 4.35114 4.16834 4.79065 3.71099 4.86441 3.77852 3.2458 3.05462 3.31348 2.71586 2.58586 2.32473 2.04346 2.0126 1.90578 2.44049 1.88277 1.87681 2.65091 1.85221 2.59649 1.81954 3.93906
threshold=1.0000000180025095e-35 145484.65000000005 772224.39500000014 49154.900000000009 457485.82000000001 77862.000000000015 114970.02500000001 117442.29500000001 62810.31500000001 50846.015000000007 731173.58500000008 617298.82000000018 883754.40500000014 206547.56000000003 274957.9200000001 66934.990000000005 393212.02000000008 253035.99000000002 1312756.1450000003 168847.69000000003 133603.89500000002 28230.040000000005 67888.325000000012 105709.06500000002 570267.75500000012 2118220.4850000003 329282.39500000008 40962.865000000013 841963.89000000013 1213490.9650000001
decision_type=2 2 2 2 2 2 2 2 2 2 2 2 2 2 2 2 2 2 2 2 2 2 2 2 2 2 2 2 2 2
left_child=-1 4 3 26 8 10 24 14 9 13 11 -6 -12 -2 15 18 -9 19 -5 -17 -18 -8 -23 -10 -7 -26 27 -3 -16 -30
right_child=1 2 -4 7 5 6 21 16 23 -11 12 -13 -14 -15 28 17 20 -19 -20 -21 -22 22 -24 -25 25 -27 -28 -29 29 -31
leaf_value=0.11696233624703406 0.018130183857861491 -0.043058402382379693 -0.048633319082021863 -0.010048340470610805 0.013047853450893954 -0.0094260069006076187 -0.025908157160193759 -0.022458988458190745 -0.059612720703868298 0.029467569086036233 -0.043728033424482671 0.075232979496591953 0.011921718848060578 -0.035017083688550249 -0.064539114515042864 -0.0019656952895327818 0.03260135263562406 0.014774842102385097 0.046619634149896012 -0.044655466555639435 -0.0054005023560233494 0.029160420375686221 -0.01048713283838423 -0.024048339870332197 -0.053839827465625593 -0.0094053752187239076 -0.056016991665413809 -0.00098894530117199443 0.0036637273970531467 -0.03373750062870734
leaf_weight=89.575579673051834 3.5656188130378785 50.518804654479027 80.012917444109917 3.6664575934410122 13.037383347749715 5.3612766563892391 3.7818201631307629 9.2062669247388857 9.6396594196557981 5.2521480768918982 4.6076449900865546 4.1445647031068793 9.0243306010961515 14.784059211611746 3.8272062242031089 3.9364096224308041 6.5912535935640317 3.6951002478599539 3.5740448385477066 9.7377617508172971 7.390798345208168 9.8277239799499529 6.4148438423871985 6.0614288598299018 13.847735971212389 4.4304819107055655 27.01488846540451 3.9548098742961875 8.0481449514627439 56.188596129417419
leaf_count=366 20 298 476 21 70 30 21 51 55 29 26 21 51 84 22 22 36 20 20 55 40 52 37 34 80 25 162 23 46 319
internal_value=-0.00178292 -0.0289767 -0.0360067 -0.0308874 -0.0118396 -0.00440961 -0.016408 -0.0207418 -0.0259191 -0.0126381 0.0125924 0.0280479 -0.00688805 -0.0246898 -0.0255886 -0.0104921 -0.00137111 -0.0223376 0.017924 -0.0323663 0.0125139 0.00605897 0.013502 -0.045883 -0.0354392 -0.0430693 -0.0453127 -0.0400041 -0.031047 -0.0290515
internal_weight=480.72 391.144 277.363 197.351 113.781 74.4778 43.6639 115.862 39.3029 23.6018 30.8139 17.1819 13.632 18.3497 92.6737 24.6098 23.1883 17.3693 7.2405 13.6742 13.9821 20.0244 16.2426 15.7011 23.6395 18.2782 81.4885 54.4736 68.0639 64.2367
internal_count=2612 2246 1611 1135 635 413 245 652 222 133 168 91 77 104 525 138 127 97 41 77 76 110 89 89 135 105 483 321 387 365
is_linear=0
shrinkage=0.05


Tree=6
num_leaves=31
num_cat=0
split_feature=0 0 0 0 3 3 2 2 3 3 2 0 2 0 3 2 0 2 3 2 3 2 3 2 0 2 3 3 3 3
split_gain=556.225 12.9705 20.6643 5.98037 4.52834 5.02413 4.18753 3.90872 3.58514 2.97513 2.37203 2.30412 1.86919 1.75017 1.71635 6.88069 2.60132 3.41031 4.75415 2.34547 2.24466 2.09892 1.81151 1.86941 1.8068 1.60429 1.93085 1.47694 1.52288 5.55144
threshold=1.0000000180025095e-35 54.000000000000007 529.00000000000011 174.50000000000003 77365.470000000016 64543.005000000012 1993604.4100000001 836044.81500000006 40962.865000000013 24161.195000000003 2629677.7350000003 449.50000000000006 3753701.3050000006 672.50000000000011 88553.740000000005 1368857.8650000002 621.00000000000011 2538734.4150000005 97286.675000000003 2874909.5450000004 83847.455000000016 3515291.0550000002 80296.055000000008 2285691.2950000004 651.00000000000011 570267.75500000012 68503.865000000005 16621.305000000004 29441.005000000001 27728.280000000002
decision_type=2 2 2 2 2 2 2 2 2 2 2 2 2 2 2 2 2 2 2 2 2 2 2 2 2 2 2 2 2 2
left_child=-1 -2 3 25 5 7 -6 9 -9 -5 -8 -11 -12 14 20 -16 -17 18 -18 -19 22 24 23 27 -21 -3 -27 -4 29 -29
right_child=1 2 13 4 6 -7 10 8 -10 11 12 -13 -14 -15 15 16 17 19 -20 21 -22 -23 -24 -25 -26 26 -28 28 -30 -31
leaf_value=0.10957094175290501 -0.060654288195035946 -0.063653423379440244 -0.052420555556983842 -0.0071496357851344606 -0.041422609559410663 0.043071132084529458 0.011556004076841687 -0.055312008053073736 -0.0051196366325018039 0.033333360544288197 -0.025022299199159066 -0.00038674400466567524 0.014457255947460943 -0.041171131885476157 0.041656766107936755 -0.042496448094765465 0.052966264669765672 -0.063626550174836968 -0.02372131825062147 -0.022236362102894827 -0.063974539018229207 -0.039851390491573428 0.00028382482999720796 -0.063681083553403864 0.023235971989629664 -0.00015692367916590421 -0.045730220575203255 -0.031742684062891519 -0.036075754552604172 0.021508556585229432
leaf_weight=90.801866769790649 28.199968174099922 4.5199771225452414 8.8853572458028776 19.077746286988258 12.506674021482466 7.2699088901281348 10.955940410494806 5.376847803592681 10.515619724988936 12.868981987237932 15.784003734588625 8.3551190942525846 3.701142653822898 63.01249435544014 3.7038333117961875 20.906452730298042 3.4164289087057131 4.1744631677866009 4.9479215443134308 6.0332004129886645 6.2642417252063742 8.650188282132147 3.8948322236537924 5.1972303539514533 3.4244618117809296 3.8615484237670881 5.8377740532159805 29.517260953783989 57.984456092119217 5.8670624047517768
leaf_count=366 177 27 53 101 70 39 60 31 57 68 86 46 20 380 20 123 20 25 29 36 37 53 23 31 20 22 36 175 346 35
internal_value=-0.00173903 -0.0280111 -0.025429 -0.00859609 -0.00452653 0.00395843 -0.0170648 -0.00110161 -0.0221011 0.00717923 -0.00705746 0.020059 -0.0175233 -0.0340375 -0.0314373 -0.0241687 -0.028898 -0.0196214 0.00760182 -0.0298405 -0.0348522 -0.0220516 -0.0332138 -0.034428 -0.00577159 -0.0390512 -0.0275863 -0.0329412 -0.0310875 -0.0229131
internal_weight=475.513 384.711 356.511 120.631 106.412 63.4642 42.9478 56.1943 15.8925 40.3018 30.4411 21.2241 19.4851 235.88 172.867 55.257 51.5531 30.6467 8.36435 22.2823 117.61 18.1079 111.346 107.451 9.45766 14.2193 9.69932 102.254 93.3688 35.3843
internal_count=2612 2246 2069 663 578 342 236 303 88 215 166 114 106 1406 1026 326 306 183 49 134 700 109 663 640 56 85 58 609 556 210
is_linear=0
shrinkage=0.05


Tree=7
num_leaves=31
num_cat=0
split_feature=0 1 0 1 2 1 2 1 2 0 1 2 2 2 0 0 0 2 0 0 1 2 1 2 2 2 2 1 1 2
split_gain=501.213 17.9303 34.2167 20.5933 15.178 6.91479 9.7179 4.75331 6.19092 4.39388 6.68864 3.59659 3.80377 3.51451 3.18716 4.40991 3.06637 4.77047 2.28858 2.24463 2.61978 3.1695 2.5692 2.15852 2.44965 2.11595 1.86614 1.82903 3.23112 2.81112
threshold=1.0000000180025095e-35 145484.65000000005 174.50000000000003 56179.790000000008 1387227.4100000004 729376.04000000015 1062473.7600000002 31322.760000000006 512703.94500000001 174.50000000000003 274957.9200000001 457485.82000000001 898522.78500000015 3450703.8150000004 465.50000000000006 399.50000000000006 34.500000000000007 936457.7150000002 378.00000000000006 641.50000000000011 393212.02000000008 2500298.1000000006 319067.90000000008 358627.6700000001 293458.14500000008 2342010.8400000003 1368857.8650000002 122460.16000000002 77862.000000000015 528958.85000000009
decision_type=2 2 2 2 2 2 2 2 2 2 2 2 2 2 2 2 2 2 2 2 2 2 2 2 2 2 2 2 2 2
left_child=-1 2 16 7 11 6 -3 -4 -9 -8 14 23 27 19 15 -11 -2 -18 -6 22 -21 -22 -12 24 -5 -24 -7 28 -13 -30
right_child=1 5 3 4 18 26 9 8 -10 10 13 12 -14 -15 -16 -17 17 -19 -20 20 21 -23 25 -25 -26 -27 -28 -29 29 -31
leaf_value=0.10338858778053409 -0.061680250656806726 -0.042040833143427436 0.089609790402184364 -0.045229013590243027 0.077597243568065188 -0.018040726544216599 -0.061678218631000398 0.0066548924280425874 0.077055820823815679 0.012522055647880904 -0.064737018357736292 0.021617108143245203 -0.038182831075586468 0.015042003659810481 0.025994267087960793 -0.052876010680365439 -0.056222447794340602 0.0075212109962697745 0.026584202339139381 0.019854245765923886 -0.011352537818488401 -0.063439378637344959 -0.037321827301235795 -0.057298268500142358 0.0031644126075810082 -0.015118167535277467 -0.048197426410318184 0.026729688463889806 -0.053358516312251948 -0.001047414710426519
leaf_weight=91.401711165904999 23.013635590672493 78.847435370087624 6.2132105529308346 5.284866005182268 4.7272310405969602 5.4984674453735343 5.6757879555225363 7.412209287285803 5.3961615264415741 6.9855544269084948 5.4229008853435507 6.7591613382101157 7.476130783557891 5.5283972173929206 11.474532827734945 4.0852451622486115 7.3287190943956357 4.8959396183490753 4.1102152168750763 4.7240829467773464 14.303206175565721 3.6700077503919593 26.357378229498863 6.9075162410736075 5.1762714236974716 18.097188949584961 76.551291465759277 5.9492856413125983 4.3712496012449247 6.2263522297143936
leaf_count=366 150 484 30 31 23 33 37 39 26 38 31 36 43 30 64 23 45 29 20 27 85 22 156 40 30 103 478 33 25 35
internal_value=-0.00169384 -0.0270716 -0.0102046 0.00867595 -0.0063599 -0.0340936 -0.0287396 0.0537231 0.0363148 -0.0188758 -0.016462 -0.0174146 -0.00714987 -0.0233872 0.00752857 -0.0116105 -0.0509304 -0.0306933 0.0538715 -0.0263145 -0.0132794 -0.0219883 -0.0322463 -0.0356066 -0.0212835 -0.0282828 -0.0461765 0.0028049 -0.00539567 -0.0226245
internal_weight=469.871 378.47 111.248 76.0099 56.9883 267.221 185.172 19.0216 12.8084 106.324 100.648 48.1508 30.7822 78.1032 22.5453 11.0708 35.2383 12.2247 8.83745 72.5748 22.6973 17.9732 49.8775 17.3687 10.4611 44.4546 82.0498 23.306 17.3568 10.5976
internal_count=2612 2246 635 411 316 1611 1100 95 65 616 579 273 172 454 125 61 224 74 43 424 134 107 290 101 61 259 511 129 96 60
is_linear=0
shrinkage=0.05


Tree=8
num_leaves=31
num_cat=0
split_feature=0 1 0 1 2 1 2 0 1 1 2 2 2 2 0 2 0 0 0 1 1 2 0 2 2 0 2 1 2 0
split_gain=453.962 16.7999 31.9278 18.1638 13.5392 6.68319 9.26107 4.2257 6.14902 3.99547 5.32334 3.35952 3.51539 3.2366 3.04191 4.52032 2.8449 4.09932 2.10934 2.48995 2.38693 3.03386 2.09482 2.07946 2.29444 1.93323 1.80803 1.80066 1.72349 2.39864
threshold=1.0000000180025095e-35 145484.65000000005 174.50000000000003 56179.790000000008 1387227.4100000004 729376.04000000015 1062473.7600000002 174.50000000000003 274957.9200000001 31322.760000000006 512703.94500000001 457485.82000000001 898522.78500000015 3450703.8150000004 34.500000000000007 936457.7150000002 465.50000000000006 399.50000000000006 641.50000000000011 319067.90000000008 393212.02000000008 2500298.1000000006 631.00000000000011 358627.6700000001 293458.14500000008 378.00000000000006 1368857.8650000002 617710.21000000008 1923532.9700000002 585.50000000000011
decision_type=2 2 2 2 2 2 2 2 2 2 2 2 2 2 2 2 2 2 2 2 2 2 2 2 2 2 2 2 2 2
left_child=-1 2 14 9 11 6 -3 -8 16 -4 -11 23 -13 18 -2 -16 17 -9 19 -10 -20 27 28 24 -5 -6 -7 -22 -21 -30
right_child=1 5 3 4 25 26 7 8 13 10 -12 12 -14 -15 15 -17 -18 -19 20 22 21 -23 -24 -25 -26 -27 -28 -29 29 -31
leaf_value=0.098144571474227879 -0.060981747589394224 -0.040977692852351477 0.082155565747728157 -0.044114205597805115 0.071385093000812971 -0.017323138683279973 -0.060979886900205171 0.011818402334543541 -0.063815860940682201 0.0063014035501111707 0.070976950075951686 0.0026506139879176956 -0.037062897266940557 0.014178800357855972 -0.055279565496513222 0.0071141400484079883 0.024352343954842037 -0.051740879176238125 0.018654948240379735 -0.037100917386714345 -0.022767276657846058 -0.062613654041528896 -0.062567087481712927 -0.056257212782276245 0.0030008072853160454 0.024973912937704353 -0.047180768987910432 0.015739530962306871 -0.024574192376293616 0.011816138152466271
leaf_weight=91.467298865318298 22.135615393519402 76.898437365889549 6.4320761710405376 5.1509309709072131 4.8775600641965848 5.4414077848196021 5.4592314660549155 7.0302092730999011 5.230983465909957 7.435983017086981 5.5608931332826614 23.329922124743465 7.3209311962127677 5.5705969482660285 7.08718094229698 4.9167317450046539 11.631584510207174 3.9690918922424316 4.7750410288572338 15.294160008430479 9.815341383218767 3.5358844101428977 3.8440092056989661 6.6891328841447821 5.1853218674659729 4.1552731543779373 74.347116529941559 4.3955299556255332 18.628000736236576 5.9825910925865164
leaf_count=366 150 484 30 31 23 33 37 38 31 39 26 129 43 30 45 29 64 23 27 93 59 22 24 40 30 20 478 26 106 36
internal_value=-0.00165381 -0.0261839 -0.00981344 0.00820174 -0.00609283 -0.0330782 -0.0277902 -0.018147 -0.0158016 0.0499246 0.0339737 -0.0167269 -0.00683493 -0.0225302 -0.0499909 -0.0297235 0.00711319 -0.0111169 -0.0253901 -0.0312136 -0.0127255 -0.0211689 -0.0273154 -0.0345355 -0.0204783 0.0500351 -0.0451445 -0.0108568 -0.0239196 -0.0157281
internal_weight=463.594 372.127 110.278 76.138 56.7091 261.849 182.061 105.162 99.703 19.429 12.9969 47.6762 30.6509 77.0721 34.1395 12.0039 22.6309 10.9993 71.5015 48.9797 22.5218 17.7468 43.7488 17.0254 10.3363 9.03283 79.7885 14.2109 39.9048 24.6106
internal_count=2612 2246 635 411 316 1611 1100 616 579 95 65 273 172 454 224 74 125 61 424 290 134 107 259 101 61 43 511 85 235 142
is_linear=0
shrinkage=0.05


Tree=9
num_leaves=31
num_cat=0
split_feature=0 1 0 1 2 1 2 0 1 2 1 2 2 2 0 2 0 0 0 2 1 2 2 1 2 2 2 2 2 0
split_gain=412.864 15.7316 29.811 16.0751 12.1022 6.45561 8.81756 4.06505 5.65264 3.48423 4.45671 3.14055 3.25026 3.06595 3.01966 4.28519 2.54222 3.8123 2.23182 2.15979 2.12514 2.00451 2.14886 1.84043 1.75211 1.7218 1.98425 1.66712 2.24161 1.6505
threshold=1.0000000180025095e-35 145484.65000000005 174.50000000000003 56179.790000000008 1387227.4100000004 729376.04000000015 1062473.7600000002 174.50000000000003 274957.9200000001 512703.94500000001 31322.760000000006 457485.82000000001 898522.78500000015 3155766.8900000006 34.500000000000007 936457.7150000002 465.50000000000006 399.50000000000006 641.50000000000011 2561919.0350000006 502948.64000000007 358627.6700000001 293458.14500000008 319067.90000000008 1368857.8650000002 497517.91000000009 546083.33000000019 625434.12000000011 678698.46000000008 378.00000000000006
decision_type=2 2 2 2 2 2 2 2 2 2 2 2 2 2 2 2 2 2 2 2 2 2 2 2 2 2 2 2 2 2
left_child=-1 2 14 9 11 6 25 -8 16 10 -4 21 -13 18 -2 -16 17 -9 23 -20 -15 22 -5 -10 -7 -3 -27 -28 -29 -6
right_child=1 5 3 4 29 24 7 8 13 -11 -12 12 -14 20 15 -17 -18 -19 19 -21 -22 -23 -24 -25 -26 26 27 28 -30 -31
leaf_value=0.093643910813241471 -0.060332224938446956 -0.053310207226044792 0.067060199510309365 -0.043027862699203515 0.065991849669415376 -0.016628738211134649 -0.06033051649796041 0.011158998390168895 -0.062825340816242178 0.073849579633116946 0.0059678275666687009 0.0025145345962026317 -0.035970584026423079 -0.021636123549250062 -0.054375329466204485 0.0067308066937535691 0.022839466522439306 -0.050646494887986053 -0.0053688899269971327 -0.048330531306893527 0.024767562307830039 -0.055262541635311961 0.0028459330001821678 -0.028637657977379632 -0.046189542760776199 -0.0069668403394020726 -0.057023479303400681 -0.0068421467871520028 -0.039206477959152441 0.023483497688207969
leaf_weight=91.07845750451088 21.276968449354172 18.222806185483932 4.9774850159883517 5.0202790945768374 5.0087919980287534 5.386630952358245 5.2474549710750571 7.0722406804561633 4.36339247226715 7.3464435636997214 7.4584485441446304 23.361997023224834 7.1699704527854911 4.4464278370141965 6.8507992476224882 4.9363928288221359 11.778045848011969 3.8550265729427338 17.974585294723514 3.4941173791885367 5.5432145595550537 6.4745167642831793 5.1939023733139038 40.24552358686924 72.200348943471909 5.4520671367645255 9.9892066270112974 6.3147437125444403 35.025715380907059 4.1969331651926041
leaf_count=366 150 120 23 31 23 33 37 38 27 33 39 129 43 24 45 29 64 23 107 22 31 40 30 243 478 35 64 40 225 20
internal_value=-0.00161311 -0.0253251 -0.00943725 0.00776472 -0.00583227 -0.0320907 -0.0268699 -0.0174472 -0.015169 0.0465482 0.0304201 -0.0160564 -0.00652311 -0.0217039 -0.0490856 -0.0287845 0.00672441 -0.0106453 -0.0256069 -0.0123611 0.00411311 -0.0334974 -0.0197011 -0.0319817 -0.0441372 -0.0399377 -0.035646 -0.0386923 -0.0342628 0.0466121
internal_weight=456.963 365.884 109.273 76.2088 56.4264 256.612 179.025 104.02 98.7726 19.7824 12.4359 47.2207 30.532 76.0673 33.0642 11.7872 22.7053 10.9273 66.0776 21.4687 9.98964 16.6887 10.2142 44.6089 77.587 75.0045 56.7817 51.3297 41.3405 9.20573
internal_count=2612 2246 635 411 316 1611 1100 616 579 95 62 273 172 454 224 74 125 61 399 129 55 101 61 270 511 484 364 329 265 43
is_linear=0
shrinkage=0.05


Tree=10
num_leaves=31
num_cat=0
split_feature=0 1 0 2 1 2 1 2 0 2 0 2 1 0 0 1 1 0 1 0 2 0 0 0 1 0 2 2 0 1
split_gain=386.469 13.5849 26.7225 9.12861 10.9511 6.58219 12.3185 5.78249 5.5991 5.09494 4.85673 6.4806 5.40339 4.84173 4.16981 4.09249 3.98181 3.78535 4.54478 5.17165 3.65962 3.11527 2.79167 2.77373 2.36012 2.47501 4.98806 2.07088 1.97877 1.85857
threshold=1.0000000180025095e-35 145484.65000000005 34.500000000000007 1387227.4100000004 60887.100000000006 836044.81500000006 748546.42000000016 2500298.1000000006 465.50000000000006 484062.53000000009 190.50000000000003 443623.32500000001 31322.760000000006 460.50000000000006 174.50000000000003 253035.99000000002 675674.97000000009 343.50000000000006 396423.11000000004 611.50000000000011 898522.78500000015 378.00000000000006 646.50000000000011 600.50000000000011 236646.45000000004 600.50000000000011 625434.12000000011 323069.6650000001 590.00000000000011 122460.16000000002
decision_type=2 2 2 2 2 2 2 2 2 2 2 2 2 2 2 2 2 2 2 2 2 2 2 2 2 2 2 2 2 2
left_child=-1 2 -2 4 10 24 7 8 -7 13 11 -4 -12 -6 -5 28 17 -9 -19 -20 23 -16 -17 29 25 -3 -27 -14 -10 -11
right_child=1 5 3 14 9 6 -8 16 15 20 12 -13 27 -15 21 22 -18 18 19 -21 -22 -23 -24 -25 -26 26 -28 -29 -30 -31
leaf_value=0.089742451865200634 -0.059735045362562605 -0.052918046563191191 -0.060639450524265219 -0.005185700366587262 0.003180797614523773 -0.044459582041503791 -0.041646803311903541 -0.023215624251863229 0.037256232444369514 -0.013997738991296705 0.065056633450336604 0.033618815156628297 -0.013465100139612489 -0.058218121902597335 0.08718648279572333 -0.030267333781072794 -0.048596962767063358 0.044727170046977682 0.026273514613978168 -0.036718665503488492 -0.035736076254882558 0.030728839337756997 -0.0078656153821819366 0.04162943544022818 -0.054278750319178143 -0.036541713567248883 0.027138769699989254 0.027483869913800127 -0.0070501517679499416 0.026511143619778389
leaf_weight=96.719684481620789 20.176441699266434 10.920778512954714 3.7204464972019222 3.3975218385457984 4.4464333802461651 21.110168397426605 69.796998739242554 7.2582576870918301 4.8913076817989332 11.617984026670461 8.1059654206037539 3.5765638053417206 4.6692390441894522 11.554650098085402 4.9145004451274854 30.815117567777634 3.4347481131553641 9.4700230062007922 7.6437835246324521 5.6792356222867966 7.3007333129644385 4.8593028485774994 25.346484333276749 4.2229138761758795 28.903965398669243 14.2505279481411 3.9212644547224036 9.1143185943365079 5.1980590522289276 3.743997022509574
leaf_count=392 148 70 26 20 26 129 474 43 28 65 36 21 25 73 22 193 21 52 43 35 45 23 156 24 194 96 25 45 30 20
internal_value=0.0011644 -0.0230326 -0.00799149 0.00425563 -0.00273903 -0.0294099 -0.0249229 -0.0152638 -0.0220352 -0.0188174 0.0208865 -0.0144396 0.0326627 -0.0411564 0.0425303 -0.0148899 0.00240217 0.00823117 0.0182451 -0.000578314 -0.00552228 0.0591171 -0.0201571 0.00574063 -0.0441595 -0.0341058 -0.0228002 0.0136122 0.0144295 -0.00412498
internal_weight=450.781 354.062 105.421 85.2446 72.0732 248.641 190.644 120.847 87.3611 42.8867 29.1865 7.29701 21.8895 16.0011 13.1713 66.251 33.486 30.0513 22.793 13.323 26.8856 9.7738 56.1616 19.5849 57.9965 29.0926 18.1718 13.7836 10.0894 15.362
internal_count=2600 2208 619 471 406 1589 1204 730 536 253 153 47 106 99 65 407 194 173 130 78 154 45 349 109 385 191 121 70 58 85
is_linear=0
shrinkage=0.05


Tree=11
num_leaves=31
num_cat=0
split_feature=0 1 0 3 1 3 1 3 0 0 3 1 3 3 0 1 3 1 1 0 0 0 1 3 3 3 1 3 0 3
split_gain=353.664 12.6548 25.209 17.8635 11.8709 8.48334 14.9326 7.05428 6.52669 6.28804 4.99166 6.7193 4.24079 4.67132 3.8403 4.99683 7.28521 3.65342 3.62435 3.23371 3.2122 3.12583 2.9846 5.59464 2.75948 3.3782 2.53853 2.49249 2.38625 2.25985
threshold=1.0000000180025095e-35 145484.65000000005 34.500000000000007 55757.395000000011 60887.100000000006 49154.900000000009 748546.42000000016 20436.910000000003 190.50000000000003 641.50000000000011 17293.090000000004 35032.680000000008 117442.29500000001 138360.19000000003 296.50000000000006 274957.9200000001 80296.055000000008 393212.02000000008 521117.90000000008 174.50000000000003 378.00000000000006 100.50000000000001 122460.16000000002 28867.135000000002 108157.81000000001 94229.62000000001 253035.99000000002 34481.44000000001 677.50000000000011 116921.40500000001
decision_type=2 2 2 2 2 2 2 2 2 2 2 2 2 2 2 2 2 2 2 2 2 2 2 2 2 2 2 2 2 2
left_child=-1 2 -2 4 8 26 9 -6 21 12 -10 -12 14 18 -7 16 -16 -11 -14 -5 -21 -4 27 -24 25 28 -3 -9 -19 -8
right_child=1 5 3 19 7 6 29 22 10 17 11 -13 13 -15 15 -17 -18 24 -20 20 -22 -23 23 -25 -26 -27 -28 -29 -30 -31
leaf_value=0.086331221673202951 -0.059170678611834254 -0.032985700401215318 0.0056855698050357123 0.008868939787772848 -0.05799817370916302 -0.056135970729318058 -0.046684156514014231 -0.035811326442815677 -0.0088296267914536753 0.035671316760286086 0.08116573303632818 0.016406490784793355 0.00032312200153548502 -0.028968656903986697 -0.033153391761622582 -0.029029303512597911 0.039357037612426107 0.020286058695748663 0.058292048859712578 0.091505694328930201 0.040452119122966868 -0.062323206418827708 0.061436120366177141 -0.022140061242505994 0.037047976551161092 -0.0510928144785677 -0.051576162649071444 -0.00068821368591503605 -0.031856195811672601 -0.026879393146822406
leaf_weight=95.543314099311829 19.370830282568932 35.224966898560524 3.7115144580602673 3.4162362068891516 11.288712263107298 8.1507483273744565 46.891361728310585 12.335367575287824 5.8679237365722683 9.3615050315856951 7.1670910269022015 9.0803400427103025 6.8414800018072146 6.9340135008096686 6.373859301209448 35.673434227705002 7.5877872109413147 6.5819332301616686 4.45035220682621 5.6777772754430753 6.7364690601825714 3.1013967543840408 3.5468965172767621 4.5983773320913315 3.4409978240728369 4.0992983579635611 38.360240235924721 8.5537070184946042 3.2914632856845856 20.790156245231628
leaf_count=392 148 235 25 20 72 53 327 73 31 52 31 44 39 40 37 223 42 40 25 26 33 20 20 26 20 25 265 50 21 145
internal_value=0.0011086 -0.0222553 -0.00769144 0.00402899 -0.00692489 -0.0284884 -0.0223638 -0.0244589 0.0175157 -0.0103554 0.0306975 0.0449732 -0.0176953 0.00333382 -0.0243279 -0.0191046 0.00625412 0.0104814 0.0231699 0.0519474 0.063802 -0.0252736 -0.0114187 0.0142536 -0.00306051 -0.0129379 -0.042677 -0.021429 0.00290356 -0.0406006
internal_weight=444.05 348.506 104.453 85.0818 69.2513 244.054 170.468 40.3231 28.9283 102.787 22.1154 16.2474 76.0117 18.2258 57.7858 49.6351 13.9616 26.7752 11.2918 15.8305 12.4142 6.81291 29.0343 8.14527 17.4137 13.9727 73.5852 20.8891 9.8734 67.6815
internal_count=2600 2208 619 471 392 1589 1089 241 151 617 106 75 459 104 355 302 79 158 64 79 59 45 169 46 106 86 500 123 61 472
is_linear=0
shrinkage=0.05


Tree=12
num_leaves=31
num_cat=0
split_feature=0 1 0 3 1 3 1 3 0 0 3 1 3 3 0 1 3 1 1 1 3 0 0 0 3 1 0 3 3 0
split_gain=324.55 11.7772 23.7923 15.8473 10.8612 8.13498 14.1503 6.48841 6.03728 5.73761 4.68622 5.88656 3.91974 4.22188 3.69119 4.62148 6.5376 3.27859 3.12873 2.86041 4.90626 2.80968 2.79863 2.74712 2.63737 2.50206 2.36327 2.20356 4.5196 2.07616
threshold=1.0000000180025095e-35 145484.65000000005 34.500000000000007 55757.395000000011 62810.31500000001 49154.900000000009 748546.42000000016 20436.910000000003 190.50000000000003 641.50000000000011 17293.090000000004 37003.080000000009 117442.29500000001 138360.19000000003 296.50000000000006 274957.9200000001 80296.055000000008 320744.45000000001 521117.90000000008 122460.16000000002 28867.135000000002 100.50000000000001 174.50000000000003 378.00000000000006 34481.44000000001 253035.99000000002 404.50000000000006 116921.40500000001 123885.30500000001 672.50000000000011
decision_type=2 2 2 2 2 2 2 2 2 2 2 2 2 2 2 2 2 2 2 2 2 2 2 2 2 2 2 2 2 2
left_child=-1 2 -2 4 8 25 9 -6 21 12 -10 -12 14 18 -7 16 -16 -11 -14 24 -21 -4 -5 -24 -9 -3 -13 -8 -29 -19
right_child=1 5 3 22 7 6 27 19 10 17 11 26 13 -15 15 -17 -18 29 -20 20 -22 -23 23 -25 -26 -27 -28 28 -30 -31
leaf_value=0.083326278783355578 -0.058643903464142534 -0.032017112733213664 0.0029944527554929324 0.0083830171061813688 -0.057095366069577019 -0.055259059357608054 -0.045771033178682197 -0.037379846383121938 -0.0096909824705622774 0.042678392911515012 0.072359963029422783 -0.010147495276469617 0.00030691125505502434 -0.027970358551256316 -0.032098109304511818 -0.028076156860985864 0.036627952552713387 0.014117370429527168 0.053673312077782302 0.05648381515968616 -0.021288522293639128 -0.061586880960615181 0.084466546473783363 0.037786030274752136 -0.00065405413777072131 -0.050725461740652525 0.041823421225611251 0.018769284278178366 -0.038356393460411808 -0.017711053294250208
leaf_weight=94.076014161109924 18.587415099143982 34.494891256093979 3.8654062747955349 3.43310019373894 10.749551028013228 7.8731472045183173 45.471757173538208 11.413817211985593 5.9887783676385906 5.9409051239490536 8.1598242521286029 4.8189180940389615 6.8426545709371585 6.8252377957105628 6.2572510838508588 35.056232497096062 7.7413525432348251 12.064695164561273 4.587910383939743 3.6618507951498014 4.5445941984653473 2.984513595700264 5.8389562070369703 6.8481867760419846 8.5505024045705778 37.085845038294792 4.0056958794593811 4.4178892821073559 16.00907489657402 8.9054492563009244
leaf_count=392 148 235 26 20 71 53 327 69 32 32 35 23 39 40 37 223 42 70 25 20 26 20 26 33 50 265 20 31 114 56
internal_value=0.00105595 -0.021507 -0.00740824 0.00381374 -0.00664927 -0.027595 -0.0215808 -0.0240466 0.0160549 -0.00992228 0.0283391 0.0417486 -0.0170138 0.00314662 -0.0234788 -0.0183782 0.00590802 0.00988981 0.0217267 -0.0114357 0.0134148 -0.0251437 0.0484324 0.0592696 -0.0216506 -0.0417099 0.0134433 -0.0396429 -0.0260014 0.000600706
internal_weight=437.101 343.025 103.451 84.8637 68.7435 239.574 167.994 38.9203 29.8231 102.095 22.9732 16.9844 75.1838 18.2558 56.928 49.0548 13.9986 26.911 11.4306 28.1708 8.20644 6.84992 16.1202 12.6871 19.9643 71.5807 8.82461 65.8987 20.427 20.9701
internal_count=2600 2208 619 471 392 1589 1089 236 156 617 110 78 459 104 355 302 79 158 64 165 46 46 79 59 119 500 43 472 145 126
is_linear=0
shrinkage=0.05


Tree=13
num_leaves=31
num_cat=0
split_feature=0 0 1 2 1 2 1 2 2 0 1 2 1 0 0 0 0 0 0 1 0 1 0 0 1 0 2 2 2 0
split_gain=298.55 10.988 22.733 6.81503 7.1044 6.10797 10.9751 5.94571 5.90997 5.27199 4.87924 5.23927 3.10183 4.48202 3.31714 2.92989 2.86019 2.6133 5.56924 5.27389 3.44864 2.40417 4.91097 3.83559 2.32662 2.47777 4.80606 2.22254 2.09764 2.07889
threshold=1.0000000180025095e-35 34.500000000000007 145484.65000000005 489579.72500000003 22519.735000000004 836044.81500000006 729376.04000000015 2500298.1000000006 863614.36500000011 641.50000000000011 48894.720000000008 1387227.4100000004 396423.11000000004 317.00000000000006 651.00000000000011 419.00000000000006 174.50000000000003 409.00000000000006 508.50000000000006 102061.20000000001 235.50000000000003 60887.100000000006 281.50000000000006 460.50000000000006 236646.45000000004 600.50000000000011 625434.12000000011 323069.6650000001 1908340.4950000003 378.00000000000006
decision_type=2 2 2 2 2 2 2 2 2 2 2 2 2 2 2 2 2 2 2 2 2 2 2 2 2 2 2 2 2 2
left_child=-1 -2 3 4 -3 24 7 8 -7 -10 -5 17 13 -9 15 -14 -13 20 -19 -20 -12 22 -6 -23 25 -4 -27 -24 -11 -18
right_child=1 2 5 10 21 6 -8 12 9 28 11 16 14 -15 -16 -17 29 18 19 -21 -22 23 27 -25 -26 26 -28 -29 -30 -31
leaf_value=0.080661871599140858 -0.058167604081115237 0.044093138991516845 -0.050848778779851611 0.053162296350232043 -0.060276030929717839 0.054652137560014538 -0.038252131838675922 -0.023691277987027731 -0.031933340998219296 -0.011897568273651519 0.021613176516399359 -0.0052546984669932925 -0.036133769191317576 0.040312377977659491 -0.049272704522123595 0.016367524886062884 0.069662955650754033 0.051148899016740614 -0.045900356322521166 0.019410574045325174 -0.037490002365464341 0.0025059017386337436 -0.0098118592957816431 -0.052177000340208092 -0.052080139770829641 -0.033837126217133549 0.029694543016455029 0.038093000849321157 0.021919250192271179 0.024699587306372589
leaf_weight=92.3672776222229 18.574077107012272 4.556119203567504 10.13088794052601 7.2264631837606421 3.3043590188026455 2.5746448040008536 67.195297509431839 3.7324990481138256 50.951000213623047 22.543115049600605 3.4449930936098125 3.4019620120525351 3.5595704019069698 10.238131418824194 3.8602063804864875 10.484436750411986 5.2465421110391599 5.51357573270798 5.4900680035352689 7.0734990388154984 8.7039086073636991 4.508735090494155 5.8385095596313459 11.105262160301207 26.258204072713852 13.351873040199282 3.8308865576982489 4.1366578787565231 5.7567365914583197 5.0404470562934875
leaf_count=392 154 22 70 34 24 17 492 23 329 142 20 20 21 55 25 61 22 30 33 40 49 27 30 76 194 96 25 21 33 23
internal_value=0.00100787 -0.0207833 -0.018607 0.00361293 -0.0139353 -0.0266235 -0.0222318 -0.012764 -0.0199003 -0.0223223 0.0150905 0.00882559 0.00555537 0.0232127 -0.0082226 0.00306064 0.0344884 -0.00279674 0.00925577 -0.00912921 -0.0207305 -0.0230856 -0.00744624 -0.0363866 -0.0414529 -0.0312362 -0.0196728 0.0100541 -0.00501857 0.0476317
internal_weight=430 337.633 319.059 84.5911 33.4496 234.467 180.896 113.7 81.8255 79.2509 51.1415 43.915 31.8748 13.9706 17.9042 14.044 13.689 30.226 18.0771 12.5636 12.1489 28.8935 13.2795 15.614 53.5719 27.3136 17.1828 9.97517 28.2999 10.287
internal_count=2600 2208 2054 471 200 1583 1198 706 521 504 271 237 185 78 107 82 65 172 103 73 69 178 75 103 385 191 121 51 175 45
is_linear=0
shrinkage=0.05


Tree=14
num_leaves=31
num_cat=0
split_feature=0 0 0 3 2 3 3 0 0 0 2 2 3 2 3 3 0 2 2 2 2 0 0 0 3 3 3 3 3 3
split_gain=275.188 10.6585 14.3971 3.82262 7.79922 4.71733 3.33684 2.76973 3.43664 2.55549 2.32273 2.01801 3.06654 1.87525 3.61384 2.53056 2.50332 5.42128 2.52787 2.97465 3.5123 2.76482 2.08742 3.03702 1.94386 1.73797 1.6861 2.11383 1.88044 3.10338
threshold=1.0000000180025095e-35 34.500000000000007 539.50000000000011 46816.915000000008 1349696.3350000002 95471.10500000001 53835.365000000013 174.50000000000003 235.50000000000003 519.50000000000011 1599554.6450000003 443623.32500000001 68994.48000000001 643722.31000000017 65414.970000000008 25441.830000000005 465.50000000000006 2172639.2800000007 2500298.1000000006 2790437.8650000007 3020804.1750000003 307.50000000000006 312.50000000000006 429.50000000000006 88553.740000000005 40962.865000000013 116921.40500000001 143008.15000000002 133603.89500000002 123885.30500000001
decision_type=2 2 2 2 2 2 2 2 2 2 2 2 2 2 2 2 2 2 2 2 2 2 2 2 2 2 2 2 2 2
left_child=-1 -2 7 25 5 -5 -6 11 -9 13 -8 -3 -13 15 -15 22 18 -18 21 -20 -21 -16 -10 -24 -23 -4 -12 28 29 -28
right_child=1 2 3 4 6 -7 10 8 9 -11 26 12 -14 14 16 -17 17 -19 19 20 -22 24 23 -25 -26 -27 27 -29 -30 -31
leaf_value=0.078285747678940198 -0.057706172226896203 -0.058827360523119744 -0.032749468659002516 -0.0031743512095997548 0.020879290240205947 0.060721601255778836 -0.054878708434991069 0.028144083359841587 0.020616218254582104 0.020902000075567941 -0.030119641877107674 0.0098391455265407074 -0.041954321176357987 -0.028202368611080161 0.012046704455953587 0.021903940552701388 0.05491697124394497 -0.024647025310232263 0.041418658052157671 -0.049873210155437352 0.014823065150684163 -0.01282405351820317 -0.045042647000528409 0.0066670270001864583 -0.054829979595317262 -0.061283391256787313 0.0074800403427583984 -0.03598637305161783 0.0191410791673404 -0.043454251594337322
leaf_weight=90.460364818572998 17.805902160704136 3.3109830990433684 72.112136170268059 15.225120395421984 3.6298950314521781 3.5649855136871329 7.3948690444231024 9.0417672246694547 4.3134996294975307 9.2134555876255018 62.779531419277191 6.0774518400430662 5.394591860473156 21.420101970434189 4.0221262946724918 11.462081953883169 5.0177589952945691 3.7343003451824188 4.1570687741041175 3.3880409449338895 5.5089206546545029 4.9283492118120176 5.9178839176893216 5.4587019234895706 6.2428109347820282 5.7630015835165969 6.4356204271316582 8.1195791214704496 5.4845505058765402 5.5866199880838394
leaf_count=392 154 26 509 99 24 20 50 48 22 54 440 36 39 130 21 63 30 22 23 20 31 30 31 32 39 40 42 58 36 39
internal_value=0.000963742 -0.0200718 -0.0179425 -0.0262598 -0.0205939 0.00894842 -0.0261767 -0.00419169 -0.00130862 -0.00411819 -0.0279596 -0.0244406 -0.0145161 -0.0068121 -0.0118582 0.00404494 -0.00239609 0.0209689 -0.00963541 0.0065012 -0.00981384 -0.0234999 -0.00900159 -0.0202314 -0.0362983 -0.0348611 -0.025708 -0.0149002 -0.0051205 -0.0161886
internal_weight=422.972 332.512 314.706 196.096 118.221 18.7901 99.4307 118.61 103.827 94.7851 95.8008 14.783 11.472 85.5716 58.4195 27.1522 36.9994 8.75206 28.2473 13.054 8.89696 15.1933 15.6901 11.3766 11.1712 77.8751 88.4059 25.6264 17.5068 12.0222
internal_count=2600 2208 2054 1357 808 119 689 697 596 548 665 101 75 494 346 148 216 52 164 74 51 90 85 63 69 549 615 175 117 81
is_linear=0
shrinkage=0.05


Tree=15
num_leaves=31
num_cat=0
split_feature=1 1 3 1 3 3 3 1 2 1 1 3 3 2 2 2 1 2 2 3 1 3 3 1 3 2 1 3 3 2
split_gain=245.504 11.8748 6.2202 12.9227 6.09476 3.99861 5.35951 6.97561 4.78819 2.93329 6.46744 8.11105 3.56751 2.87266 4.77484 4.63464 5.51545 4.17008 8.6984 2.06718 1.88654 2.52594 6.45074 1.8303 2.50125 2.45021 1.736 1.69339 1.64375 1.63523
threshold=16110.895000000002 145484.65000000005 49154.900000000009 772224.39500000014 14985.265000000001 117442.29500000001 138360.19000000003 516325.18000000011 2703060.1950000008 70458.250000000015 114970.02500000001 23357.120000000006 60816.590000000004 2477747.4850000003 2589713.3850000002 2703060.1950000008 408475.61000000004 1023020.0400000002 793532.63000000012 53835.365000000013 201142.24000000002 90549.195000000022 96159.865000000005 50846.015000000007 30628.275000000005 464933.20500000002 22519.735000000004 77365.470000000016 119014.31000000001 3303900.5650000004
decision_type=2 2 2 2 2 2 2 2 2 2 2 2 2 2 2 2 2 2 2 2 2 2 2 2 2 2 2 2 2 2
left_child=-1 4 -3 5 -2 13 7 8 -7 23 -11 -12 -13 17 -15 -16 -17 18 -4 -19 27 -22 -23 24 25 26 -6 -21 -14 -5
right_child=1 2 3 29 9 6 -8 -9 -10 10 11 12 28 14 15 16 -18 19 -20 20 21 22 -24 -25 -26 -27 -28 -29 -30 -31
leaf_value=0.075061609644987634 -0.054358946072940319 -0.038155651084783831 -0.046751967379938669 -0.043586630858823742 0.019635458466934749 -0.039958648863752139 -0.026555761644075845 0.06655498200478259 0.037266209496899974 -0.02404094392974521 -0.051174414207996434 0.045463979568023283 -0.021537712026850439 0.05797708080245452 -0.063428203549719148 0.046671781696191628 -0.02194481268755652 0.0090781977822675438 0.054849762496260127 0.02118389732957001 -0.039119577108564667 0.049704792245618926 -0.035697714353339086 0.020283387485430092 -0.02726600807519047 0.031225029434992398 -0.020116735434039655 -0.026409951911986054 0.024380990237505829 -0.026088416771340786
leaf_weight=88.323943287134171 5.8261685222387305 65.426075346767902 3.5909483432769758 41.742846019566059 4.3348740190267616 4.2391143217682856 6.6912382915616027 6.3955930322408667 3.8124158680438995 31.601798824965954 4.2196776419878033 10.121184781193735 4.0641222745180121 3.2769086807966259 3.0724091827869406 4.8523319363594037 7.3870653957128525 4.206019476056098 5.0961607992649078 3.4695366024970999 30.131515026092529 3.1178876459598523 7.6025970429182053 17.772916048765182 6.546638920903205 7.3394502550363532 7.494932621717453 4.0512303337454796 3.744654506444931 19.630277320742607
leaf_count=395 38 490 25 321 26 26 41 35 21 209 27 55 23 20 19 27 47 27 32 20 194 20 50 104 45 41 48 26 23 150
internal_value=0.00100231 -0.0187681 -0.0251397 -0.0198949 -0.00468584 -0.00889869 0.0104385 0.0275725 -0.00339252 -0.00170967 -0.00952088 0.0111955 0.0258738 -0.0140175 0.00319911 -0.00852402 0.00525836 -0.0192411 0.0128511 -0.0245435 -0.0274669 -0.0317036 -0.0108597 0.00794486 -0.000582616 0.00853023 -0.00555008 -0.0044536 0.000482341 -0.0379898
internal_weight=419.183 330.859 227.792 162.366 103.066 100.993 21.1384 14.4471 8.05153 97.2402 53.7514 22.1496 17.93 79.8546 18.5887 15.3118 12.2394 61.2659 8.68711 52.5788 48.3728 40.852 10.7205 43.4888 25.7159 19.1693 11.8298 7.52077 7.80878 61.3731
internal_count=2625 2230 1591 1101 639 630 123 82 47 601 337 128 101 507 113 93 74 394 57 337 310 264 70 264 160 115 74 46 46 471
is_linear=0
shrinkage=0.05


Tree=16
num_leaves=31
num_cat=0
split_feature=0 0 1 1 2 1 2 0 2 1 2 1 1 0 2 2 0 1 1 2 2 2 2 1 2 2 1 2 0 1
split_gain=226.853 13.3989 27.9745 8.75748 11.2231 7.16081 7.78672 6.31399 5.06645 5.78639 4.56628 3.83647 4.80142 4.49817 3.55705 3.52559 2.87702 2.59003 2.53225 2.53157 2.10892 2.47594 2.14038 1.98183 1.94072 4.01959 5.95647 1.78515 3.00022 1.62495
threshold=1.0000000180025095e-35 95.500000000000014 70458.250000000015 772224.39500000014 1949167.0950000002 274957.9200000001 2769883.0250000004 419.00000000000006 625434.12000000011 37003.080000000009 3020804.1750000003 145484.65000000005 114970.02500000001 641.50000000000011 497517.91000000009 365672.94500000007 307.50000000000006 686965.49500000011 122460.16000000002 546083.33000000019 2589713.3850000002 2325506.7950000004 2047244.8450000002 576836.52000000014 773667.39000000013 871896.38500000013 363124.83000000007 2133262.3150000004 388.50000000000006 205664.73000000001
decision_type=2 2 2 2 2 2 2 2 2 2 2 2 2 2 2 2 2 2 2 2 2 2 2 2 2 2 2 2 2 2
left_child=-1 -2 8 4 11 6 27 -7 9 15 20 12 -4 18 -13 -3 -11 19 -14 -16 21 22 -9 -12 -21 26 -26 -6 -29 -27
right_child=1 2 3 -5 5 7 -8 10 -10 16 23 14 13 -15 17 -17 -18 -19 -20 24 -22 -23 -24 -25 25 29 -28 28 -30 -31
leaf_value=0.073677083900580337 -0.05238173430970583 0.013634359109045631 -0.02396103585458359 -0.037173717356163045 0.034985972714381551 -0.050033121155692965 0.080061183882042947 0.019902868711386315 0.062212812576647882 -0.040702414736501762 0.051407121023259984 -0.049413596017779442 0.059204968673272178 -0.036756322813105931 0.007977501278851119 0.073607581443668982 0.0099668291611125902 0.012173712725648092 0.010629519720030867 -0.040203446757072471 -0.034149806158399097 0.02544018833395556 -0.029666286550874311 0.0051708392256012807 0.04619297726934276 -0.0056905746255451767 -0.043222601045737122 0.028172551833244703 -0.029109440620851818 -0.031787782549520895
leaf_weight=85.131297513842583 25.99145133048296 4.4309054389596003 24.131518259644508 60.025401175022125 4.3091996386647251 7.594355657696723 5.2553484663367263 3.046965524554258 8.2220504432916623 3.6870535388588896 5.0396571159362775 16.09865964204073 3.8302767127752331 3.803426429629325 5.1915589645504943 5.4827584400773048 11.664616547524927 4.7107722014188758 8.956940792500971 23.400459267199039 7.0223832726478568 5.6340318396687499 7.6338588520884514 4.2908857464790344 4.6475994139909735 6.8942137733101836 3.1080991551280022 4.0754661709070188 5.2057623416185379 44.242584086954594
leaf_count=387 222 21 155 473 23 47 26 20 38 21 27 128 20 24 39 25 64 31 50 177 45 35 49 25 32 42 24 22 28 305
internal_value=0.000959497 -0.0179355 -0.0149674 -0.0203483 -0.0154957 0.00293997 0.0283772 -0.0089666 0.0281207 0.0170262 0.000580225 -0.0228083 -0.00972534 0.0109809 -0.0277279 0.0468026 -0.00220254 -0.0239413 0.0251798 -0.025886 -0.0112399 -0.00137875 -0.0155255 0.0301442 -0.0280223 -0.0231822 0.0103597 0.00839127 -0.00395643 -0.0282694
internal_weight=412.76 327.628 301.637 268.149 208.124 59.1079 18.8458 40.2621 33.4874 25.2653 32.6678 149.016 40.7222 16.5906 108.294 9.91366 15.3517 92.1953 12.7872 87.4845 23.3372 16.3149 10.6808 9.33054 82.293 58.8925 7.7557 13.5904 9.28123 51.1368
internal_count=2625 2238 2016 1847 1374 347 99 248 169 131 201 1027 249 94 778 46 85 650 70 619 149 104 69 52 580 403 56 73 50 347
is_linear=0
shrinkage=0.05


end of trees

feature_importances:
current_dpd=149
pos=145
overdue_amt=127
emi_amt=89

parameters:
[boosting: gbdt]
[objective: binary]
[metric: auc]
[tree_learner: serial]
[device_type: cpu]
[data_sample_strategy: bagging]
[data: ]
[valid: ]
[num_iterations: 150]
[learning_rate: 0.05]
[num_leaves: 31]
[num_threads: 0]
[seed: 42]
[deterministic: 0]
[force_col_wise: 0]
[force_row_wise: 0]
[histogram_pool_size: -1]
[max_depth: -1]
[min_data_in_leaf: 20]
[min_sum_hessian_in_leaf: 0.001]
[bagging_fraction: 0.8]
[pos_bagging_fraction: 1]
[neg_bagging_fraction: 1]
[bagging_freq: 5]
[bagging_seed: 400]
[bagging_by_query: 0]
[feature_fraction: 0.8]
[feature_fraction_bynode: 1]
[feature_fraction_seed: 30056]
[extra_trees: 0]
[extra_seed: 12879]
[early_stopping_round: 0]
[early_stopping_min_delta: 0]
[first_metric_only: 0]
[max_delta_step: 0]
[lambda_l1: 0]
[lambda_l2: 0]
[linear_lambda: 0]
[min_gain_to_split: 0]
[drop_rate: 0.1]
[max_drop: 50]
[skip_drop: 0.5]
[xgboost_dart_mode: 0]
[uniform_drop: 0]
[drop_seed: 17869]
[top_rate: 0.2]
[other_rate: 0.1]
[min_data_per_group: 100]
[max_cat_threshold: 32]
[cat_l2: 10]
[cat_smooth: 10]
[max_cat_to_onehot: 4]
[top_k: 20]
[monotone_constraints: ]
[monotone_constraints_method: basic]
[monotone_penalty: 0]
[feature_contri: ]
[forcedsplits_filename: ]
[refit_decay_rate: 0.9]
[cegb_tradeoff: 1]
[cegb_penalty_split: 0]
[cegb_penalty_feature_lazy: ]
[cegb_penalty_feature_coupled: ]
[path_smooth: 0]
[interaction_constraints: ]
[verbosity: -1]
[saved_feature_importance_type: 0]
[use_quantized_grad: 0]
[num_grad_quant_bins: 4]
[quant_train_renew_leaf: 0]
[stochastic_rounding: 1]
[linear_tree: 0]
[max_bin: 255]
[max_bin_by_feature: ]
[min_data_in_bin: 3]
[bin_construct_sample_cnt: 200000]
[data_random_seed: 175]
[is_enable_sparse: 1]
[enable_bundle: 1]
[use_missing: 1]
[zero_as_missing: 0]
[feature_pre_filter: 1]
[pre_partition: 0]
[two_round: 0]
[header: 0]
[label_column: ]
[weight_column: ]
[group_column: ]
[ignore_column: ]
[categorical_feature: ]
[forcedbins_filename: ]
[precise_float_parser: 0]
[parser_config_file: ]
[objective_seed: 16083]
[num_class: 1]
[is_unbalance: 0]
[scale_pos_weight: 1]
[sigmoid: 1]
[boost_from_average: 1]
[reg_sqrt: 0]
[alpha: 0.9]
[fair_c: 1]
[poisson_max_delta_step: 0.7]
[tweedie_variance_power: 1.5]
[lambdarank_truncation_level: 30]
[lambdarank_norm: 1]
[label_gain: ]
[lambdarank_position_bias_regularization: 0]
[eval_at: ]
[multi_error_top_k: 1]
[auc_mu_weights: ]
[num_machines: 1]
[local_listen_port: 12400]
[time_out: 120]
[machine_list_filename: ]
[machines: ]
[gpu_platform_id: -1]
[gpu_device_id: -1]
[gpu_use_dp: 0]
[num_gpu: 1]

end of parameters

pandas_categorical:[]
